3101246282,100,2025-01-05,4311606
260789199,200,2025-01-05,2272
968670240,200,2025-01-05,2193
1504069680,150,2025-01-05,2072
3912691424,150,2025-01-05,1232
1777537193,100,2025-01-05,1053
3934565218,100,2025-01-05,612
7700027485,200,2025-01-05,568
2214033434,200,2025-01-05,558
5910220356,200,2025-01-05,507
463731192,200,2025-01-05,465
1318197941,200,2025-01-05,439
7832304854,150,2025-01-05,389
3190261853,150,2025-01-05,336
5774798057,200,2025-01-05,306
5012978259,100,2025-01-05,287
2355155438,100,2025-01-05,253
7652325102,100,2025-01-05,202
2693985652,100,2025-01-05,200
3340018986,100,2025-01-05,192
9069939010,150,2025-01-05,175
7631470367,200,2025-01-05,134
7671890515,100,2025-01-05,102
6996576840,200,2025-01-05,61
528822072,150,2025-01-05,0
3146888927,200,2025-01-05,0
4142681319,200,2025-01-05,0
4230549693,200,2025-01-05,0
6108629327,150,2025-01-05,0
6949263861,150,2025-01-05,0
8323923760,200,2025-01-05,0
8391530496,150,2025-01-05,0
8649727820,150,2025-01-05,0
2934140765,100,2025-01-12,4334892
7230354095,150,2025-01-12,1495
8756480363,100,2025-01-12,1397
5580079055,100,2025-01-12,520
365155375,200,2025-01-12,503
4306482995,150,2025-01-12,428
3450858865,200,2025-01-12,400
8098490995,200,2025-01-12,386
1680072241,150,2025-01-12,379
5364641834,200,2025-01-12,340
887689853,200,2025-01-12,334
7301805628,150,2025-01-12,325
6790227294,100,2025-01-12,269
5351423694,200,2025-01-12,261
1340789597,100,2025-01-12,257
2549464922,150,2025-01-12,254
1599855634,100,2025-01-12,245
1882454302,100,2025-01-12,158
4459741415,100,2025-01-12,150
5449252688,200,2025-01-12,128
3569783669,150,2025-01-12,82
3541134502,150,2025-01-12,60
2792181454,100,2025-01-12,0
3013079984,100,2025-01-12,0
3178431964,150,2025-01-12,0
3256751715,150,2025-01-12,0
3863535362,100,2025-01-12,0
4127170884,200,2025-01-12,0
5845434682,100,2025-01-12,0
6072900874,100,2025-01-12,0
8838298134,150,2025-01-12,0
6722822571,200,2025-01-19,807942
6087240342,150,2025-01-19,2143
5423089782,150,2025-01-19,1894
93128381,100,2025-01-19,1091
5611314944,200,2025-01-19,590
5871325766,200,2025-01-19,480
7082011108,200,2025-01-19,471
929610797,150,2025-01-19,443
3419891670,200,2025-01-19,429
2433143986,200,2025-01-19,385
8604283499,150,2025-01-19,378
6587931978,100,2025-01-19,288
8514819696,200,2025-01-19,266
7746962539,100,2025-01-19,252
2744583582,100,2025-01-19,204
5529326068,150,2025-01-19,195
8214085265,100,2025-01-19,163
3451587469,200,2025-01-19,144
1236760158,150,2025-01-19,111
572934485,200,2025-01-19,0
2116629184,100,2025-01-19,0
2566040173,100,2025-01-19,0
3666173928,200,2025-01-19,0
3928034643,150,2025-01-19,0
5674602942,100,2025-01-19,0
7322951670,150,2025-01-19,0
9030039535,100,2025-01-19,0
9156318310,100,2025-01-19,0
6192015327,150,2025-01-26,1396048
7507279260,100,2025-01-26,203632
4045467856,200,2025-01-26,2097
1633180268,150,2025-01-26,1126
9664124737,100,2025-01-26,944
1730227250,200,2025-01-26,498
2029000550,200,2025-01-26,408
4038012039,150,2025-01-26,408
7709085765,150,2025-01-26,343
7923298441,200,2025-01-26,337
7519792256,200,2025-01-26,310
3718860315,150,2025-01-26,291
3135460693,200,2025-01-26,286
329213656,100,2025-01-26,261
4515555987,150,2025-01-26,233
7613376596,100,2025-01-26,153
9105508049,150,2025-01-26,53
1285896057,150,2025-01-26,0
1490226024,150,2025-01-26,0
1569942574,200,2025-01-26,0
2702560607,200,2025-01-26,0
3505273451,200,2025-01-26,0
4858639483,200,2025-01-26,0
5607556339,100,2025-01-26,0
5921332798,150,2025-01-26,0
7966790037,150,2025-01-26,0
9029661642,200,2025-01-26,0
9123824287,150,2025-03-02,1319707
3375208851,100,2025-03-02,416762
3953831527,200,2025-03-02,2610
2095953198,150,2025-03-02,1378
2699081894,100,2025-03-02,1345
3534148106,150,2025-03-02,1200
5579634279,100,2025-03-02,951
9749867459,200,2025-03-02,545
3575134243,100,2025-03-02,527
7355777546,200,2025-03-02,332
7079329989,100,2025-03-02,279
9679463050,100,2025-03-02,275
4686322550,100,2025-03-02,235
5445284091,100,2025-03-02,222
5138628041,100,2025-03-02,211
3769904130,100,2025-03-02,197
2996489341,100,2025-03-02,186
2100818562,100,2025-03-02,176
8849194131,100,2025-03-02,175
5169475204,150,2025-03-02,0
7622426655,150,2025-03-02,0
8336817540,150,2025-03-02,0
8700592592,150,2025-03-02,0
8805095797,150,2025-03-02,0
9179192337,100,2025-03-02,0
9870274854,200,2025-03-02,0
9844428476,200,2025-03-09,1045258
3265939462,150,2025-03-09,109534
2486985240,200,2025-03-09,2806
6239590571,200,2025-03-09,1925
4784816880,100,2025-03-09,1328
2049472315,150,2025-03-09,1319
6677728130,100,2025-03-09,758
689754293,200,2025-03-09,595
5503273426,100,2025-03-09,575
139163638,200,2025-03-09,562
993834174,200,2025-03-09,544
2807756429,200,2025-03-09,496
5516334659,200,2025-03-09,377
2764115620,200,2025-03-09,356
67718825,200,2025-03-09,326
4024441923,200,2025-03-09,285
2608026676,100,2025-03-09,273
7984093705,150,2025-03-09,257
3332821978,150,2025-03-09,254
7724296644,100,2025-03-09,250
7894591289,150,2025-03-09,243
5802261392,150,2025-03-09,238
5525050862,150,2025-03-09,209
3569870856,150,2025-03-09,182
3930999809,100,2025-03-09,165
6235065343,100,2025-03-09,144
533423770,200,2025-03-09,76
257961728,100,2025-03-09,0
2837035706,100,2025-03-09,0
4403831982,100,2025-03-09,0
8425414759,200,2025-03-09,0
2691167359,150,2025-03-16,1798
5172928520,100,2025-03-16,1014
9065710184,100,2025-03-16,966
1126593405,150,2025-03-16,884
7363443056,200,2025-03-16,545
2100892718,150,2025-03-16,442
3545582293,150,2025-03-16,412
7386853051,150,2025-03-16,401
7156997944,150,2025-03-16,364
8723606921,200,2025-03-16,336
3264133407,200,2025-03-16,335
1207162697,200,2025-03-16,322
4220445841,150,2025-03-16,314
5756940970,150,2025-03-16,303
6689545425,200,2025-03-16,297
7169887990,150,2025-03-16,263
101688646,100,2025-03-16,258
970360738,150,2025-03-16,234
4037055492,150,2025-03-16,231
7687948632,100,2025-03-16,226
8206780831,100,2025-03-16,197
3903113793,100,2025-03-16,173
2398409516,100,2025-03-16,171
5454649587,100,2025-03-16,167
2247234866,100,2025-03-16,0
3679487556,200,2025-03-16,0
8602505004,200,2025-03-16,0
649152439,200,2025-03-23,4025972
9816176692,150,2025-03-23,376685
3309888420,200,2025-03-23,2214
6143621022,200,2025-03-23,1958
1998603655,150,2025-03-23,1859
6740122916,100,2025-03-23,1011
1274398577,150,2025-03-23,898
3364684976,100,2025-03-23,670
7663509013,200,2025-03-23,496
6655149755,200,2025-03-23,474
2082456017,150,2025-03-23,402
6123846300,150,2025-03-23,380
1052548174,100,2025-03-23,249
5607056249,100,2025-03-23,180
6732136874,100,2025-03-23,141
694242472,100,2025-03-23,0
1101459255,100,2025-03-23,0
2161401126,100,2025-03-23,0
2821108723,200,2025-03-23,0
5217211746,100,2025-03-23,0
6372232749,100,2025-03-23,0
7502873027,150,2025-03-23,0
8992600150,150,2025-03-23,0
9780265307,100,2025-03-23,0
9909121935,150,2025-03-23,0
88424942,200,2025-03-30,3184680
8415776792,100,2025-03-30,1217959
1079396804,100,2025-03-30,606929
5753325056,150,2025-03-30,1994
868196110,100,2025-03-30,1342
2813433351,150,2025-03-30,1163
5257109986,200,2025-03-30,1152
933769591,150,2025-03-30,984
3644657490,200,2025-03-30,591
517887628,200,2025-03-30,552
8811699646,200,2025-03-30,445
3967857031,200,2025-03-30,403
2948029885,150,2025-03-30,394
1737047609,150,2025-03-30,384
507470501,150,2025-03-30,360
8797632551,150,2025-03-30,353
6190138413,200,2025-03-30,341
4733898326,150,2025-03-30,340
2975769430,100,2025-03-30,268
157459020,100,2025-03-30,206
1168078567,200,2025-03-30,187
9856824820,100,2025-03-30,153
8230311434,100,2025-03-30,130
9213188867,200,2025-03-30,112
1177632618,100,2025-03-30,0
2841456861,150,2025-03-30,0
4046505010,100,2025-03-30,0
4202661955,200,2025-03-30,0
4408502967,100,2025-03-30,0
4687071605,150,2025-03-30,0
4899154868,100,2025-03-30,0
5018254409,200,2025-03-30,0
5692448480,200,2025-03-30,0
5955459179,100,2025-03-30,0
7218123668,200,2025-03-30,0
7636898469,150,2025-03-30,0
7979855699,150,2025-03-30,0
8903405771,100,2025-03-30,0
864603011,200,2025-04-06,3048228
8181693311,100,2025-04-06,2125164
1212126929,200,2025-04-06,2014
8466575932,200,2025-04-06,1693
1741222995,150,2025-04-06,1532
3214314858,200,2025-04-06,1363
4258743,100,2025-04-06,1269
6830476452,200,2025-04-06,1064
7140885246,200,2025-04-06,476
4359114840,150,2025-04-06,349
316138023,150,2025-04-06,342
1646056302,150,2025-04-06,332
3841402778,150,2025-04-06,302
3778981807,150,2025-04-06,275
1673962865,100,2025-04-06,272
4875024469,100,2025-04-06,261
9820549605,100,2025-04-06,241
311716979,100,2025-04-06,224
9435917673,150,2025-04-06,224
5597501285,200,2025-04-06,178
5110062449,200,2025-04-06,173
285957361,150,2025-04-06,0
617992445,200,2025-04-06,0
706753730,150,2025-04-06,0
3850814485,100,2025-04-06,0
7928569239,100,2025-04-06,0
9378271368,200,2025-04-13,2228
1506630657,100,2025-04-13,1054
3025542363,100,2025-04-13,892
4099251822,150,2025-04-13,866
2842897085,200,2025-04-13,570
8803606508,200,2025-04-13,500
6315553918,200,2025-04-13,495
3324061877,200,2025-04-13,440
6446717865,150,2025-04-13,341
3950878796,200,2025-04-13,298
1027669711,150,2025-04-13,273
7074113626,100,2025-04-13,228
9705916827,100,2025-04-13,181
5211473732,100,2025-04-13,173
2789911905,100,2025-04-13,165
1549293581,200,2025-04-13,0
1803674837,150,2025-04-13,0
3410810917,150,2025-04-13,0
3735982999,200,2025-04-13,0
4797581252,200,2025-04-13,0
6543312872,200,2025-04-13,0
8882485143,100,2025-04-13,0
3873469579,200,2025-04-20,1372
8469304202,100,2025-04-20,975
4901454055,200,2025-04-20,586
497813317,200,2025-04-20,585
8162487681,200,2025-04-20,421
3335703525,200,2025-04-20,415
1878330932,150,2025-04-20,330
6671367365,100,2025-04-20,298
5645967018,100,2025-04-20,289
376243868,100,2025-04-20,203
7757046461,150,2025-04-20,199
5117101158,150,2025-04-20,197
1589609767,100,2025-04-20,169
3237575141,100,2025-04-20,150
9014443800,150,2025-04-20,52
702662859,100,2025-04-20,0
3360731697,200,2025-04-20,0
3972514873,200,2025-04-20,0
5194365284,150,2025-04-20,0
5626520052,100,2025-04-20,0
5974335879,200,2025-04-20,0
7265001475,100,2025-04-20,0
7735792137,200,2025-04-20,0
8066712592,100,2025-04-20,0
8753178188,200,2025-04-20,0
9020676602,150,2025-04-20,0
9028310434,150,2025-04-20,0
221565214,100,2025-04-27,1392439
2632066864,200,2025-04-27,2573
8086891453,200,2025-04-27,2223
8528420903,150,2025-04-27,1653
8710269443,150,2025-04-27,1427
1959848191,200,2025-04-27,1401
8428070528,100,2025-04-27,1061
6146423866,150,2025-04-27,433
3528891320,200,2025-04-27,410
302760381,150,2025-04-27,404
8045803615,200,2025-04-27,404
5956571360,150,2025-04-27,373
9700903104,200,2025-04-27,366
5987210323,150,2025-04-27,289
9277963559,100,2025-04-27,277
4522887406,100,2025-04-27,271
493511324,100,2025-04-27,270
3720579023,100,2025-04-27,236
577473406,100,2025-04-27,225
4239591423,150,2025-04-27,219
1548985126,150,2025-04-27,216
1808142375,100,2025-04-27,214
7737708150,100,2025-04-27,207
8278999434,100,2025-04-27,206
5904612102,100,2025-04-27,169
1155734350,150,2025-04-27,0
2441683212,100,2025-04-27,0
2578442891,200,2025-04-27,0
2620922446,100,2025-04-27,0
3176634728,150,2025-04-27,0
5149034337,150,2025-04-27,0
6266332841,200,2025-04-27,0
6678360008,200,2025-04-27,0
6924055219,200,2025-04-27,0
6953118082,150,2025-04-27,0
7058755780,150,2025-04-27,0
7123367047,100,2025-04-27,0
4149713607,150,2025-05-04,3828432
1473780780,100,2025-05-04,2094362
3653365912,100,2025-05-04,292650
301928892,200,2025-05-04,2820
5155855559,200,2025-05-04,2624
6773707838,150,2025-05-04,2214
8508374634,150,2025-05-04,1918
5170577067,200,2025-05-04,1611
8495140293,200,2025-05-04,1067
2971188877,100,2025-05-04,698
2339424518,200,2025-05-04,568
8232067364,200,2025-05-04,554
3718629909,200,2025-05-04,534
3479564126,200,2025-05-04,488
8567740726,200,2025-05-04,436
8681419909,150,2025-05-04,360
257194832,150,2025-05-04,353
4161763863,100,2025-05-04,285
3137424217,100,2025-05-04,184
3725280358,100,2025-05-04,179
8828301194,100,2025-05-04,160
1767835468,150,2025-05-04,157
9881126362,100,2025-05-04,147
7055709702,100,2025-05-04,142
216077422,150,2025-05-04,129
6242046771,200,2025-05-04,118
288866086,100,2025-05-04,0
371602897,200,2025-05-04,0
823404375,150,2025-05-04,0
2243913839,100,2025-05-04,0
2449321062,100,2025-05-04,0
3171301336,200,2025-05-04,0
3401861873,100,2025-05-04,0
7915863627,200,2025-05-04,0
7984104987,200,2025-05-04,0
8162081419,200,2025-05-04,0
8408994627,200,2025-05-04,0
7725928982,200,2025-05-11,4635501
2267612079,200,2025-05-11,3815837
2147302287,100,2025-05-11,2117171
8540716877,200,2025-05-11,934016
8715520698,150,2025-05-11,2108
3339615774,200,2025-05-11,1607
8478114939,150,2025-05-11,1561
5268872968,100,2025-05-11,1257
7496472602,100,2025-05-11,1019
1568154744,100,2025-05-11,614
1790400130,200,2025-05-11,465
5490537854,200,2025-05-11,440
7480985511,200,2025-05-11,435
7835967730,100,2025-05-11,278
7717783469,100,2025-05-11,250
1962139059,100,2025-05-11,249
3855726378,100,2025-05-11,238
3681149952,100,2025-05-11,235
8249488898,100,2025-05-11,235
4082116246,150,2025-05-11,229
822511631,100,2025-05-11,224
2445473513,100,2025-05-11,206
8232389696,100,2025-05-11,176
6858541566,100,2025-05-11,170
8188239511,100,2025-05-11,146
148055581,150,2025-05-11,61
105859985,200,2025-05-11,0
871582940,150,2025-05-11,0
2753391489,100,2025-05-11,0
2838551856,150,2025-05-11,0
3920144971,150,2025-05-11,0
5050213915,100,2025-05-11,0
5255297042,200,2025-05-11,0
5359105354,100,2025-05-11,0
5491378577,100,2025-05-11,0
5732118851,150,2025-05-11,0
5811298613,100,2025-05-11,0
6433810604,200,2025-05-11,0
8534996024,100,2025-05-11,0
8889965637,150,2025-05-11,0
9953641681,100,2025-05-18,1412706
9287962562,200,2025-05-18,2785
2285328727,200,2025-05-18,2762
1393965215,200,2025-05-18,2168
5351133939,100,2025-05-18,1393
9906074317,200,2025-05-18,1328
5932612244,200,2025-05-18,535
308673862,200,2025-05-18,476
4359755007,150,2025-05-18,386
973140757,150,2025-05-18,368
877205292,150,2025-05-18,360
9661838178,150,2025-05-18,290
918943685,100,2025-05-18,267
2554449443,150,2025-05-18,243
5491121672,100,2025-05-18,214
6882454721,100,2025-05-18,203
5476012270,100,2025-05-18,188
3642345437,200,2025-05-18,153
3705667212,200,2025-05-18,149
3489345353,100,2025-05-18,148
3130260217,100,2025-05-18,143
9077875067,100,2025-05-18,139
3671835822,200,2025-05-18,97
4948497299,200,2025-05-18,0
5714482609,200,2025-05-18,0
6489820730,150,2025-05-18,0
6547219046,100,2025-05-18,0
5122108640,100,2025-05-25,3927135
45240406,200,2025-05-25,1582
4497976368,200,2025-05-25,1172
2423888859,150,2025-05-25,1167
9670442934,100,2025-05-25,972
1853224726,100,2025-05-25,709
50179586,200,2025-05-25,559
1177527811,150,2025-05-25,321
8742944843,150,2025-05-25,295
993221285,100,2025-05-25,211
2223051738,150,2025-05-25,122
1092982024,200,2025-05-25,0
3631962548,200,2025-05-25,0
4885328084,150,2025-05-25,0
5735811659,200,2025-05-25,0
5810703182,150,2025-05-25,0
6309357069,100,2025-05-25,0
9145849156,150,2025-05-25,0
