5873515092,150,2025-01-05,2811005
655827970,200,2025-01-05,810338
4793079513,100,2025-01-05,734837
2718338871,200,2025-01-05,683861
6715070380,100,2025-01-05,645806
5823907385,200,2025-01-05,353642
4348819373,150,2025-01-05,308224
4225658576,150,2025-01-05,1944
8941317583,150,2025-01-05,1719
2897704354,150,2025-01-05,1702
8339552644,200,2025-01-05,1527
1770401625,200,2025-01-05,1506
6724931849,200,2025-01-05,1424
6023251670,200,2025-01-05,1328
1202461641,200,2025-01-05,1307
7692624080,100,2025-01-05,1307
2891586575,100,2025-01-05,840
5593712617,100,2025-01-05,632
5542672392,100,2025-01-05,622
5357831704,200,2025-01-05,588
9572435414,100,2025-01-05,580
1666221671,200,2025-01-05,577
6012467455,100,2025-01-05,511
2530496877,200,2025-01-05,508
4546655574,200,2025-01-05,488
1687470856,150,2025-01-05,449
6563093779,150,2025-01-05,444
4692366111,150,2025-01-05,434
8947733395,200,2025-01-05,424
2642535957,150,2025-01-05,420
6028030692,200,2025-01-05,417
521459844,200,2025-01-05,404
7435074046,150,2025-01-05,395
9483578884,200,2025-01-05,381
4526275659,200,2025-01-05,365
7055488863,200,2025-01-05,361
3110678017,200,2025-01-05,360
4111905034,150,2025-01-05,357
100764926,150,2025-01-05,353
263636959,150,2025-01-05,350
8481632955,150,2025-01-05,349
2746805120,200,2025-01-05,342
3220392777,200,2025-01-05,311
7231763240,150,2025-01-05,302
5016205194,100,2025-01-05,292
907452542,100,2025-01-05,285
1595327972,150,2025-01-05,276
799320739,100,2025-01-05,275
9778555406,200,2025-01-05,275
9066740798,200,2025-01-05,271
9920360120,200,2025-01-05,267
5568818286,150,2025-01-05,266
3870660181,100,2025-01-05,264
6641676389,100,2025-01-05,263
7282226367,150,2025-01-05,247
2909882228,100,2025-01-05,238
5283127387,100,2025-01-05,236
7839265139,150,2025-01-05,234
992184257,100,2025-01-05,223
8935304388,100,2025-01-05,218
4908236528,100,2025-01-05,216
4957063841,150,2025-01-05,207
7377830768,100,2025-01-05,202
7890774487,100,2025-01-05,202
3219944593,150,2025-01-05,198
3992207520,150,2025-01-05,195
8707565017,100,2025-01-05,195
9433418351,100,2025-01-05,187
7077596754,100,2025-01-05,178
478868991,100,2025-01-05,169
1610402144,200,2025-01-05,166
5455689325,100,2025-01-05,164
1908762788,100,2025-01-05,158
3058316064,100,2025-01-05,145
3280324600,100,2025-01-05,131
7137283751,200,2025-01-05,125
2261005261,100,2025-01-05,114
1690838168,150,2025-01-05,112
9402546397,200,2025-01-05,105
1250144633,100,2025-01-05,87
3911073204,100,2025-01-05,53
1071352,150,2025-01-05,0
393676882,150,2025-01-05,0
1030939234,150,2025-01-05,0
1088109339,100,2025-01-05,0
1173513008,150,2025-01-05,0
1272022292,100,2025-01-05,0
2226917857,200,2025-01-05,0
2270461533,150,2025-01-05,0
2836686706,100,2025-01-05,0
3031767128,100,2025-01-05,0
3672003508,150,2025-01-05,0
3675650166,100,2025-01-05,0
3989868385,100,2025-01-05,0
4065486725,200,2025-01-05,0
4118850193,150,2025-01-05,0
4799020757,150,2025-01-05,0
4818564506,100,2025-01-05,0
4921845177,100,2025-01-05,0
4991910144,150,2025-01-05,0
4995438205,200,2025-01-05,0
5192928136,200,2025-01-05,0
5276942222,200,2025-01-05,0
5350482984,150,2025-01-05,0
6114715203,100,2025-01-05,0
6136044982,200,2025-01-05,0
6146036824,100,2025-01-05,0
6212590359,150,2025-01-05,0
6263580490,150,2025-01-05,0
6302403129,150,2025-01-05,0
6831202385,200,2025-01-05,0
6849826688,150,2025-01-05,0
7582357962,150,2025-01-05,0
7999428401,100,2025-01-05,0
8298982574,100,2025-01-05,0
8452877335,100,2025-01-05,0
8527613537,150,2025-01-05,0
8712703581,200,2025-01-05,0
8876374861,150,2025-01-05,0
8917579871,200,2025-01-05,0
8957039152,100,2025-01-05,0
9111180503,100,2025-01-05,0
9389618411,100,2025-01-05,0
9487071681,200,2025-01-05,0
9658615644,200,2025-01-05,0
9701940281,100,2025-01-05,0
9822270737,150,2025-01-05,0
9925827274,150,2025-01-05,0
8715241259,150,2025-01-12,3004354
8864149222,150,2025-01-12,2683804
3470343162,200,2025-01-12,2600847
7328009304,200,2025-01-12,2382310
6570357468,100,2025-01-12,932490
6477798413,200,2025-01-12,517063
733299062,200,2025-01-12,2936
5502083360,200,2025-01-12,2799
2795409852,200,2025-01-12,2624
345474342,150,2025-01-12,2047
3407625469,150,2025-01-12,1915
72618933,200,2025-01-12,1898
6016283764,150,2025-01-12,1829
3498585640,200,2025-01-12,1677
2625207049,150,2025-01-12,1613
2201436506,200,2025-01-12,1584
6718290845,150,2025-01-12,1481
3804060091,200,2025-01-12,1100
2303862986,150,2025-01-12,1044
3849484057,150,2025-01-12,1044
7492301751,100,2025-01-12,972
3923753102,100,2025-01-12,871
8573470327,100,2025-01-12,777
4562769918,100,2025-01-12,728
699776029,100,2025-01-12,673
96443700,200,2025-01-12,593
3012439081,200,2025-01-12,592
1014872477,200,2025-01-12,582
2678253685,200,2025-01-12,574
9121511351,200,2025-01-12,566
8968296947,100,2025-01-12,527
489886237,200,2025-01-12,526
7656905864,200,2025-01-12,525
2358044913,200,2025-01-12,511
3429955888,200,2025-01-12,496
1774921650,200,2025-01-12,469
6266526375,200,2025-01-12,464
7875014245,200,2025-01-12,452
1824271317,200,2025-01-12,435
1272965720,200,2025-01-12,401
4056001634,150,2025-01-12,398
9319015893,200,2025-01-12,386
1288381056,200,2025-01-12,376
5502928968,200,2025-01-12,376
6868046680,200,2025-01-12,375
5472975918,150,2025-01-12,371
3353822045,150,2025-01-12,360
3253700514,150,2025-01-12,356
4876516415,200,2025-01-12,351
6625519508,150,2025-01-12,338
9510367526,150,2025-01-12,337
2724008967,200,2025-01-12,322
1096324071,150,2025-01-12,310
1492259026,100,2025-01-12,299
6831835057,100,2025-01-12,298
5096781468,150,2025-01-12,295
9223922346,100,2025-01-12,292
2031064777,150,2025-01-12,282
17508799,100,2025-01-12,278
5233003114,200,2025-01-12,275
1470136063,150,2025-01-12,270
5793704413,150,2025-01-12,270
7678536195,200,2025-01-12,269
7870402983,100,2025-01-12,269
6247721040,100,2025-01-12,263
3952148449,150,2025-01-12,258
6610643338,150,2025-01-12,257
4041696671,100,2025-01-12,254
1151326023,150,2025-01-12,249
454661755,150,2025-01-12,242
6062174926,100,2025-01-12,239
511680992,100,2025-01-12,229
626869929,150,2025-01-12,219
8960474423,100,2025-01-12,218
2643619033,150,2025-01-12,214
605562538,150,2025-01-12,212
4362013518,200,2025-01-12,193
9056409826,100,2025-01-12,189
2683166104,150,2025-01-12,186
7368869021,150,2025-01-12,179
9076953178,200,2025-01-12,176
8749109827,100,2025-01-12,174
3400407538,100,2025-01-12,163
8854484694,100,2025-01-12,162
3396242446,200,2025-01-12,160
6723917431,100,2025-01-12,160
9517944182,200,2025-01-12,153
2677834107,100,2025-01-12,151
2093521202,100,2025-01-12,142
8100037562,150,2025-01-12,140
1553119419,100,2025-01-12,138
7301153636,100,2025-01-12,137
2508802064,100,2025-01-12,107
2181981049,100,2025-01-12,54
161895902,100,2025-01-12,0
235725460,100,2025-01-12,0
578567279,150,2025-01-12,0
602283389,200,2025-01-12,0
863794366,100,2025-01-12,0
901768020,100,2025-01-12,0
1011556425,150,2025-01-12,0
1067261905,150,2025-01-12,0
1123772653,150,2025-01-12,0
1247684448,150,2025-01-12,0
1579221079,100,2025-01-12,0
1992279336,200,2025-01-12,0
2199468194,200,2025-01-12,0
2288576528,150,2025-01-12,0
2335600124,200,2025-01-12,0
2482566125,200,2025-01-12,0
2528385689,100,2025-01-12,0
2983458326,200,2025-01-12,0
3919131196,200,2025-01-12,0
3956234338,150,2025-01-12,0
4032644617,200,2025-01-12,0
4175022786,100,2025-01-12,0
4190995373,150,2025-01-12,0
4748866797,200,2025-01-12,0
4780970978,200,2025-01-12,0
4868588129,100,2025-01-12,0
5148586827,100,2025-01-12,0
5590874691,100,2025-01-12,0
6084207400,200,2025-01-12,0
6179676790,200,2025-01-12,0
6221586500,200,2025-01-12,0
6284566975,100,2025-01-12,0
6482245990,150,2025-01-12,0
6510810497,150,2025-01-12,0
6583622708,150,2025-01-12,0
6680135799,150,2025-01-12,0
6875028286,200,2025-01-12,0
7275167106,100,2025-01-12,0
7628790455,150,2025-01-12,0
7881458088,100,2025-01-12,0
8114736426,150,2025-01-12,0
8192226291,200,2025-01-12,0
8359935391,100,2025-01-12,0
8438442021,200,2025-01-12,0
8482382875,200,2025-01-12,0
8721645175,100,2025-01-12,0
9236300442,100,2025-01-12,0
9369984983,150,2025-01-12,0
9804366935,100,2025-01-12,0
9921846001,150,2025-01-12,0
2556996746,100,2025-01-19,4935831
1314568379,150,2025-01-19,2477787
7630103204,150,2025-01-19,2289781
7648514452,100,2025-01-19,359151
1086822306,150,2025-01-19,238301
8191284303,150,2025-01-19,138312
3145353044,150,2025-01-19,127026
8743330105,200,2025-01-19,108307
5231602994,200,2025-01-19,2394
342882696,150,2025-01-19,2086
1144569486,150,2025-01-19,2002
3348758374,150,2025-01-19,1851
17732687,200,2025-01-19,1638
2183517112,150,2025-01-19,1470
4398988584,100,2025-01-19,1447
6448208311,100,2025-01-19,1444
313388348,100,2025-01-19,1433
7765982304,150,2025-01-19,1349
154242084,200,2025-01-19,1329
9750980168,200,2025-01-19,1317
7762850362,200,2025-01-19,1286
6059777906,150,2025-01-19,1270
4652275346,150,2025-01-19,1248
3008865241,200,2025-01-19,1184
125036357,150,2025-01-19,1174
259757199,200,2025-01-19,599
5317175417,200,2025-01-19,593
8334690372,200,2025-01-19,586
368420289,200,2025-01-19,573
4258881860,100,2025-01-19,559
528707579,100,2025-01-19,558
8679905219,100,2025-01-19,552
3229154205,100,2025-01-19,545
7629381119,200,2025-01-19,532
1829295008,200,2025-01-19,507
2456983922,200,2025-01-19,489
4227377330,200,2025-01-19,468
4680715115,200,2025-01-19,451
5443503804,150,2025-01-19,449
8865489522,150,2025-01-19,441
8378258555,150,2025-01-19,439
9390610562,150,2025-01-19,435
6965154139,150,2025-01-19,430
6474320808,200,2025-01-19,400
722200431,150,2025-01-19,395
212429621,150,2025-01-19,391
8903305448,150,2025-01-19,381
5669661153,150,2025-01-19,376
3449545436,200,2025-01-19,373
3983187614,200,2025-01-19,371
9036918264,150,2025-01-19,368
3037419804,150,2025-01-19,364
8953589217,150,2025-01-19,353
2132768837,200,2025-01-19,349
6382868355,150,2025-01-19,326
9532163955,150,2025-01-19,321
1684681994,200,2025-01-19,316
2781497057,150,2025-01-19,312
643314423,150,2025-01-19,301
9842182476,100,2025-01-19,297
8588850445,150,2025-01-19,289
3529201935,100,2025-01-19,284
3450331444,200,2025-01-19,281
1019288494,200,2025-01-19,277
1489552602,150,2025-01-19,273
4323862079,200,2025-01-19,270
2200003726,150,2025-01-19,266
1268070440,100,2025-01-19,257
3008848619,100,2025-01-19,257
5390370987,150,2025-01-19,251
8019284682,100,2025-01-19,250
9657113732,100,2025-01-19,249
200301000,150,2025-01-19,237
1368882301,100,2025-01-19,228
1432007944,100,2025-01-19,217
7965331533,100,2025-01-19,214
2197765762,100,2025-01-19,212
5181637721,100,2025-01-19,203
759320825,150,2025-01-19,198
850324283,150,2025-01-19,196
3479696501,100,2025-01-19,194
1691842093,100,2025-01-19,187
4944981703,100,2025-01-19,177
6189470019,150,2025-01-19,172
6329591326,200,2025-01-19,161
779176748,100,2025-01-19,152
6707091878,100,2025-01-19,149
5442133909,100,2025-01-19,140
3019911668,150,2025-01-19,134
7736285263,100,2025-01-19,133
4922882655,100,2025-01-19,129
7470582816,100,2025-01-19,126
9246447481,100,2025-01-19,100
5341975401,150,2025-01-19,68
3039616019,200,2025-01-19,67
7972327639,150,2025-01-19,61
6346131,100,2025-01-19,0
419862609,200,2025-01-19,0
436460848,150,2025-01-19,0
519150848,150,2025-01-19,0
966363944,100,2025-01-19,0
1012334550,200,2025-01-19,0
1262817811,200,2025-01-19,0
1495051806,200,2025-01-19,0
1596044431,100,2025-01-19,0
1993350912,150,2025-01-19,0
2053629940,200,2025-01-19,0
2542775169,150,2025-01-19,0
2706770236,200,2025-01-19,0
3101335764,100,2025-01-19,0
3417121501,150,2025-01-19,0
3434278789,100,2025-01-19,0
3489657600,150,2025-01-19,0
3665164873,150,2025-01-19,0
3687445644,150,2025-01-19,0
3818067018,150,2025-01-19,0
3921951630,100,2025-01-19,0
3999992026,200,2025-01-19,0
4017885679,150,2025-01-19,0
4051641385,100,2025-01-19,0
4228780643,150,2025-01-19,0
4251714226,100,2025-01-19,0
4410628870,200,2025-01-19,0
4492074590,200,2025-01-19,0
4530167891,150,2025-01-19,0
4922015338,100,2025-01-19,0
4938189912,100,2025-01-19,0
5138713603,150,2025-01-19,0
5191144710,200,2025-01-19,0
5369974890,200,2025-01-19,0
5465211022,200,2025-01-19,0
5702801453,200,2025-01-19,0
5876877854,100,2025-01-19,0
6097813444,150,2025-01-19,0
6175477141,100,2025-01-19,0
6278443621,150,2025-01-19,0
6483642233,200,2025-01-19,0
6498414946,100,2025-01-19,0
6516178895,150,2025-01-19,0
6783308442,150,2025-01-19,0
7046353326,200,2025-01-19,0
7170068158,150,2025-01-19,0
7204252105,200,2025-01-19,0
7265489031,200,2025-01-19,0
7270828051,100,2025-01-19,0
7316279369,150,2025-01-19,0
7395642796,200,2025-01-19,0
7642758246,200,2025-01-19,0
7790889813,150,2025-01-19,0
7999410244,150,2025-01-19,0
8066207957,100,2025-01-19,0
8089740896,150,2025-01-19,0
8209665757,200,2025-01-19,0
8343156044,150,2025-01-19,0
8720851879,200,2025-01-19,0
8896632196,150,2025-01-19,0
9165551189,200,2025-01-19,0
9362626646,150,2025-01-19,0
9573788893,200,2025-01-19,0
9575787203,200,2025-01-19,0
9626456753,150,2025-01-19,0
9702611957,200,2025-01-19,0
9714629526,200,2025-01-19,0
9760740870,200,2025-01-19,0
9846387129,100,2025-01-19,0
2176471622,150,2025-01-26,4709103
8633082,200,2025-01-26,3134801
5112764350,200,2025-01-26,1410553
6844917918,100,2025-01-26,1355778
2715554626,100,2025-01-26,767102
2568827749,150,2025-01-26,679203
8077397578,100,2025-01-26,615970
7674967563,200,2025-01-26,2963
6481249735,200,2025-01-26,2831
8680397498,200,2025-01-26,2801
7204542410,200,2025-01-26,1849
2783125209,200,2025-01-26,1614
4723359848,150,2025-01-26,1509
4473642049,100,2025-01-26,1471
1846420644,150,2025-01-26,1365
6040066725,100,2025-01-26,1277
4485017146,150,2025-01-26,1144
2031441461,150,2025-01-26,1141
9693810500,150,2025-01-26,1112
3607036994,150,2025-01-26,1013
9267571969,100,2025-01-26,830
6540559292,100,2025-01-26,610
2207530839,200,2025-01-26,576
9252140730,200,2025-01-26,568
5481282724,200,2025-01-26,565
2961420231,200,2025-01-26,562
4709847054,200,2025-01-26,541
2148805539,200,2025-01-26,540
2771167749,200,2025-01-26,536
2226446134,200,2025-01-26,523
97866054,200,2025-01-26,515
7072040704,200,2025-01-26,486
6776294370,200,2025-01-26,477
190968107,200,2025-01-26,476
5199251865,200,2025-01-26,450
7653122087,150,2025-01-26,448
2110591062,200,2025-01-26,445
9154769675,150,2025-01-26,443
838242398,200,2025-01-26,442
9973759190,200,2025-01-26,432
7747790670,200,2025-01-26,420
2500323047,200,2025-01-26,411
697179123,150,2025-01-26,407
8573917275,200,2025-01-26,406
8697161614,200,2025-01-26,402
9779747718,150,2025-01-26,399
2943651979,150,2025-01-26,385
3973563401,150,2025-01-26,382
5137679473,150,2025-01-26,372
9948687275,150,2025-01-26,367
251108701,150,2025-01-26,362
1565023162,150,2025-01-26,336
5772866940,150,2025-01-26,334
7087691179,200,2025-01-26,327
5668462809,150,2025-01-26,326
1700357299,150,2025-01-26,315
392202858,200,2025-01-26,309
9103519439,150,2025-01-26,309
193024434,150,2025-01-26,295
7988803011,200,2025-01-26,295
6142780547,100,2025-01-26,276
2544288058,100,2025-01-26,267
1228956953,200,2025-01-26,263
9808398337,150,2025-01-26,252
8789395815,100,2025-01-26,249
714054439,100,2025-01-26,248
7315814041,100,2025-01-26,246
674776745,100,2025-01-26,238
7727412490,100,2025-01-26,238
6677550020,100,2025-01-26,233
3535568831,150,2025-01-26,221
8418181004,150,2025-01-26,217
5019350633,150,2025-01-26,216
5205252433,100,2025-01-26,209
5154240355,150,2025-01-26,208
5482044517,100,2025-01-26,206
8240207645,100,2025-01-26,204
3331136380,150,2025-01-26,196
2351636425,100,2025-01-26,195
8116718306,100,2025-01-26,191
2448151056,100,2025-01-26,190
6985989103,100,2025-01-26,185
8665199466,100,2025-01-26,185
4974181142,100,2025-01-26,183
3870883572,100,2025-01-26,175
5558629573,100,2025-01-26,173
8102969420,100,2025-01-26,171
5275822694,200,2025-01-26,170
1361322559,100,2025-01-26,169
1973226378,100,2025-01-26,169
8932597934,100,2025-01-26,164
439487683,100,2025-01-26,161
114712592,100,2025-01-26,159
2820262282,100,2025-01-26,155
5952264422,100,2025-01-26,154
830679674,100,2025-01-26,142
1018131178,150,2025-01-26,135
9949525658,150,2025-01-26,116
602882062,100,2025-01-26,0
793188343,200,2025-01-26,0
812406468,200,2025-01-26,0
837310709,100,2025-01-26,0
937032814,150,2025-01-26,0
981056030,100,2025-01-26,0
1036750159,200,2025-01-26,0
1122337728,200,2025-01-26,0
1207389099,100,2025-01-26,0
1433034694,150,2025-01-26,0
1606168701,150,2025-01-26,0
1872193992,150,2025-01-26,0
1907317625,100,2025-01-26,0
1912566426,100,2025-01-26,0
2240501038,150,2025-01-26,0
2445243094,100,2025-01-26,0
2733312653,100,2025-01-26,0
2780659526,100,2025-01-26,0
2998910899,200,2025-01-26,0
3001034804,100,2025-01-26,0
3282993328,200,2025-01-26,0
3362913975,100,2025-01-26,0
3373746702,100,2025-01-26,0
3393510095,150,2025-01-26,0
3645098520,200,2025-01-26,0
4107658764,150,2025-01-26,0
4162432547,200,2025-01-26,0
4721763311,200,2025-01-26,0
4763197413,150,2025-01-26,0
5358036135,100,2025-01-26,0
5365060933,200,2025-01-26,0
6150441815,100,2025-01-26,0
6340534634,150,2025-01-26,0
6451522905,150,2025-01-26,0
6486116979,200,2025-01-26,0
7181320529,150,2025-01-26,0
7186613123,100,2025-01-26,0
7389322519,150,2025-01-26,0
7412719633,100,2025-01-26,0
7495675142,150,2025-01-26,0
7509974557,200,2025-01-26,0
7546269837,100,2025-01-26,0
7552058962,150,2025-01-26,0
7580827171,150,2025-01-26,0
7605296994,100,2025-01-26,0
8052026912,200,2025-01-26,0
8097534455,100,2025-01-26,0
8118776107,150,2025-01-26,0
8656040518,150,2025-01-26,0
8990270513,200,2025-01-26,0
9302334680,100,2025-01-26,0
9534102661,150,2025-01-26,0
9740641194,200,2025-01-26,0
9842368784,100,2025-01-26,0
9983430434,150,2025-01-26,0
5896463782,200,2025-03-02,3523724
3136072691,100,2025-03-02,3224496
3570170087,100,2025-03-02,3011871
1418436503,150,2025-03-02,2603714
661726021,150,2025-03-02,2269715
6841163931,100,2025-03-02,1332635
6225191627,150,2025-03-02,1191709
5056034780,200,2025-03-02,1163870
536464577,200,2025-03-02,818772
7817718008,200,2025-03-02,421107
1811884101,200,2025-03-02,2947
2703108643,200,2025-03-02,2556
6974951790,200,2025-03-02,2294
1381578108,150,2025-03-02,1813
6715093587,200,2025-03-02,1725
1115753318,100,2025-03-02,1468
9128208860,150,2025-03-02,1302
7573268177,200,2025-03-02,1290
9978753579,100,2025-03-02,1280
9024675170,100,2025-03-02,1249
1377872441,100,2025-03-02,1219
1360662098,150,2025-03-02,1196
955678889,150,2025-03-02,1167
7442812107,150,2025-03-02,1040
9857973790,100,2025-03-02,1032
5283933287,200,2025-03-02,1018
5540819982,100,2025-03-02,945
4602915644,100,2025-03-02,886
1044418472,100,2025-03-02,881
2562941329,100,2025-03-02,816
5847807392,100,2025-03-02,699
6108466875,100,2025-03-02,635
6830982593,200,2025-03-02,599
605634070,200,2025-03-02,595
7179011478,100,2025-03-02,589
4962132084,200,2025-03-02,573
2176862206,200,2025-03-02,570
4723724852,200,2025-03-02,563
9582404881,200,2025-03-02,555
1245986125,200,2025-03-02,528
1844298944,200,2025-03-02,481
2669905359,200,2025-03-02,472
6472648367,200,2025-03-02,457
4035982696,200,2025-03-02,441
6037276355,150,2025-03-02,441
5430140804,200,2025-03-02,432
4196290417,150,2025-03-02,425
1890055178,150,2025-03-02,424
9573081416,150,2025-03-02,419
5179841062,200,2025-03-02,414
3360452831,200,2025-03-02,413
2077783002,200,2025-03-02,406
1648650024,150,2025-03-02,404
1213724854,150,2025-03-02,402
550090199,150,2025-03-02,400
3059872331,200,2025-03-02,382
7696578631,200,2025-03-02,344
7927220861,150,2025-03-02,333
9229880781,200,2025-03-02,332
5253424491,200,2025-03-02,325
6982870288,150,2025-03-02,318
2279462743,150,2025-03-02,310
125720493,100,2025-03-02,289
4680254481,100,2025-03-02,281
799373097,200,2025-03-02,276
4363177389,100,2025-03-02,276
3111790028,100,2025-03-02,273
6218772515,100,2025-03-02,273
3598237122,100,2025-03-02,251
7047023676,100,2025-03-02,250
8106756732,100,2025-03-02,250
5236825439,150,2025-03-02,247
7168748332,100,2025-03-02,238
8883873337,100,2025-03-02,234
766995183,150,2025-03-02,229
6996813630,150,2025-03-02,223
152651762,100,2025-03-02,220
9084708455,150,2025-03-02,205
287274781,100,2025-03-02,203
8613990972,200,2025-03-02,192
9249774819,200,2025-03-02,187
4559468829,100,2025-03-02,182
2646918824,200,2025-03-02,180
1801092147,100,2025-03-02,179
7273910444,200,2025-03-02,177
7499486022,100,2025-03-02,173
9296070654,200,2025-03-02,172
3648182329,100,2025-03-02,171
8017116206,100,2025-03-02,169
1006504285,100,2025-03-02,149
7128101190,100,2025-03-02,146
7626676401,100,2025-03-02,146
3971312661,100,2025-03-02,145
2459848393,100,2025-03-02,116
4848204125,100,2025-03-02,77
446202847,200,2025-03-02,0
698561104,100,2025-03-02,0
952973011,100,2025-03-02,0
1027028641,100,2025-03-02,0
1177394762,200,2025-03-02,0
1778415683,100,2025-03-02,0
2080482835,200,2025-03-02,0
2406577632,200,2025-03-02,0
2476074508,200,2025-03-02,0
3010101945,150,2025-03-02,0
3315648113,200,2025-03-02,0
3586328592,100,2025-03-02,0
3717535426,150,2025-03-02,0
4673770138,200,2025-03-02,0
4693392991,200,2025-03-02,0
4757652674,100,2025-03-02,0
5048017468,200,2025-03-02,0
5114763830,100,2025-03-02,0
5272384932,200,2025-03-02,0
5435192350,200,2025-03-02,0
5557885822,200,2025-03-02,0
5966294633,100,2025-03-02,0
6017599856,100,2025-03-02,0
6120318912,200,2025-03-02,0
6420068179,100,2025-03-02,0
6523156535,150,2025-03-02,0
6571160259,200,2025-03-02,0
6749596387,100,2025-03-02,0
6989516405,150,2025-03-02,0
7143400231,150,2025-03-02,0
7313443778,100,2025-03-02,0
7333379059,150,2025-03-02,0
7486558588,200,2025-03-02,0
7786179972,100,2025-03-02,0
7937514519,100,2025-03-02,0
8135662688,100,2025-03-02,0
8146458028,150,2025-03-02,0
8267668297,150,2025-03-02,0
8298226150,100,2025-03-02,0
8542784100,200,2025-03-02,0
8760519026,150,2025-03-02,0
8915380545,200,2025-03-02,0
9116718013,150,2025-03-02,0
9154431260,150,2025-03-02,0
9233723346,100,2025-03-02,0
9609707238,100,2025-03-02,0
9779562115,100,2025-03-02,0
9936103779,200,2025-03-02,0
9992219601,150,2025-03-02,0
2742655486,100,2025-03-09,3449380
4431255051,200,2025-03-09,3405970
3346816022,200,2025-03-09,3283755
1128924446,200,2025-03-09,3262289
2575327677,200,2025-03-09,2940153
9151834311,200,2025-03-09,1310524
8211297118,100,2025-03-09,820526
6020714941,200,2025-03-09,520373
7303736265,100,2025-03-09,138426
7312992148,100,2025-03-09,123608
9313819515,200,2025-03-09,2855
6902915082,200,2025-03-09,2451
4028476660,200,2025-03-09,2423
1706271851,200,2025-03-09,2192
5496291372,150,2025-03-09,1980
7134865223,150,2025-03-09,1848
2236698181,200,2025-03-09,1841
9386682540,150,2025-03-09,1810
8929762299,200,2025-03-09,1716
3916016329,200,2025-03-09,1656
1300949887,150,2025-03-09,1635
6962512455,150,2025-03-09,1608
5442773647,200,2025-03-09,1451
7803758860,100,2025-03-09,1381
3028911436,100,2025-03-09,1148
895290324,100,2025-03-09,927
3274796537,100,2025-03-09,671
2720690338,100,2025-03-09,639
1020706789,200,2025-03-09,563
2090482535,200,2025-03-09,561
8176553794,200,2025-03-09,556
9066809020,200,2025-03-09,555
8599492510,200,2025-03-09,542
880742773,200,2025-03-09,526
3435585551,200,2025-03-09,467
9031668863,200,2025-03-09,464
2145851629,200,2025-03-09,435
4357210908,150,2025-03-09,435
7780603458,150,2025-03-09,423
3756429003,200,2025-03-09,418
8790319986,150,2025-03-09,406
3189036019,150,2025-03-09,403
3479748137,200,2025-03-09,397
4505308480,200,2025-03-09,367
4511439767,200,2025-03-09,359
5849821258,200,2025-03-09,359
7344235245,200,2025-03-09,357
9434788665,200,2025-03-09,354
7895529956,150,2025-03-09,353
5761423580,200,2025-03-09,350
9842898942,200,2025-03-09,349
4003002537,150,2025-03-09,343
8737935348,200,2025-03-09,331
1155186385,150,2025-03-09,326
5864066410,150,2025-03-09,308
4733274679,150,2025-03-09,304
5544751140,200,2025-03-09,300
9935237025,100,2025-03-09,298
237546461,150,2025-03-09,282
4324360627,100,2025-03-09,282
4500209077,100,2025-03-09,271
7694981900,200,2025-03-09,264
9797531761,200,2025-03-09,263
1335000102,100,2025-03-09,256
7142340257,100,2025-03-09,255
1408624628,100,2025-03-09,250
2567058104,100,2025-03-09,248
320172178,100,2025-03-09,247
4519143947,150,2025-03-09,246
2031863704,150,2025-03-09,243
1370034553,100,2025-03-09,237
4310001894,150,2025-03-09,230
8903793045,100,2025-03-09,225
2981689855,150,2025-03-09,224
7968852625,150,2025-03-09,224
1267631548,100,2025-03-09,219
9388218729,150,2025-03-09,216
3748756661,100,2025-03-09,215
2328425256,150,2025-03-09,202
193588118,100,2025-03-09,200
4010523537,100,2025-03-09,196
1760489840,100,2025-03-09,189
3715793419,200,2025-03-09,181
3167861589,100,2025-03-09,178
3839582106,100,2025-03-09,168
3404683547,150,2025-03-09,162
2302283119,100,2025-03-09,154
8798849373,100,2025-03-09,143
130801864,100,2025-03-09,136
6205084784,100,2025-03-09,133
5359743708,200,2025-03-09,116
7168704079,200,2025-03-09,99
1413476294,150,2025-03-09,96
4662125772,150,2025-03-09,96
5779011877,100,2025-03-09,94
3351087779,200,2025-03-09,93
7402963728,200,2025-03-09,87
4005222428,200,2025-03-09,63
6790475,200,2025-03-09,0
119513335,100,2025-03-09,0
774259106,200,2025-03-09,0
837257219,100,2025-03-09,0
1055268603,200,2025-03-09,0
1431883341,150,2025-03-09,0
2098287141,150,2025-03-09,0
2237174329,200,2025-03-09,0
2636180524,150,2025-03-09,0
2788206648,200,2025-03-09,0
3177125913,200,2025-03-09,0
3322812090,100,2025-03-09,0
3331359380,150,2025-03-09,0
3460406640,200,2025-03-09,0
3520961959,200,2025-03-09,0
3561716289,150,2025-03-09,0
3634616621,200,2025-03-09,0
3689762542,200,2025-03-09,0
3831062337,200,2025-03-09,0
3851868268,200,2025-03-09,0
4161296924,100,2025-03-09,0
4187754671,200,2025-03-09,0
4207265193,200,2025-03-09,0
4287445512,100,2025-03-09,0
4414028084,100,2025-03-09,0
5778274374,100,2025-03-09,0
6247296439,200,2025-03-09,0
6348196119,200,2025-03-09,0
6648480922,100,2025-03-09,0
6900145010,150,2025-03-09,0
7203968752,100,2025-03-09,0
7412564801,100,2025-03-09,0
7748840183,200,2025-03-09,0
8400424473,200,2025-03-09,0
8615091304,150,2025-03-09,0
8686611544,100,2025-03-09,0
9044882784,150,2025-03-09,0
9272023377,100,2025-03-09,0
2426777305,200,2025-03-16,4671738
7066886839,200,2025-03-16,3532021
493513039,200,2025-03-16,343634
4035521532,200,2025-03-16,333658
3946952394,150,2025-03-16,180000
6167513467,200,2025-03-16,2189
5198506793,150,2025-03-16,2121
8319252122,150,2025-03-16,2079
6587535060,200,2025-03-16,2068
2136542962,150,2025-03-16,1995
292687240,200,2025-03-16,1930
5027686755,150,2025-03-16,1812
4170115056,150,2025-03-16,1483
2092216711,100,2025-03-16,1461
6450139315,150,2025-03-16,1412
9894260793,200,2025-03-16,1376
2953938172,200,2025-03-16,1216
5624801140,200,2025-03-16,1136
1319976272,150,2025-03-16,1105
4417817971,100,2025-03-16,960
9434255978,100,2025-03-16,890
7801555094,100,2025-03-16,884
9079908065,150,2025-03-16,828
8377982555,200,2025-03-16,571
4264860226,200,2025-03-16,565
1487786735,100,2025-03-16,538
8487250008,200,2025-03-16,531
1628755384,200,2025-03-16,508
9208627255,200,2025-03-16,501
9530426345,200,2025-03-16,494
6719337080,200,2025-03-16,468
9983997723,200,2025-03-16,450
7127378806,200,2025-03-16,441
249467698,150,2025-03-16,437
2042209067,150,2025-03-16,428
2058593725,150,2025-03-16,427
2601039163,150,2025-03-16,415
3194793430,150,2025-03-16,400
3330378043,150,2025-03-16,384
2411875676,150,2025-03-16,381
69391780,200,2025-03-16,376
4931006725,200,2025-03-16,369
4440010708,150,2025-03-16,368
294260958,200,2025-03-16,363
2971914894,200,2025-03-16,360
8646743189,200,2025-03-16,357
1164592582,200,2025-03-16,352
8469055059,150,2025-03-16,341
401780161,150,2025-03-16,328
6365644508,150,2025-03-16,307
4769820250,200,2025-03-16,295
1643701387,200,2025-03-16,294
8403945863,150,2025-03-16,292
9396269921,150,2025-03-16,288
1204218847,100,2025-03-16,279
7650707072,100,2025-03-16,279
211686210,200,2025-03-16,278
9650967688,200,2025-03-16,278
8659361871,100,2025-03-16,272
9445463596,100,2025-03-16,267
846160220,200,2025-03-16,263
4315321001,200,2025-03-16,262
4461678292,150,2025-03-16,257
9069727289,100,2025-03-16,255
8427166961,100,2025-03-16,249
4274704819,100,2025-03-16,247
5014221040,100,2025-03-16,242
8317605193,100,2025-03-16,241
3627428526,150,2025-03-16,236
1809905901,100,2025-03-16,228
954801032,100,2025-03-16,225
35894292,150,2025-03-16,223
4331121807,100,2025-03-16,217
6165918389,100,2025-03-16,217
1930786067,100,2025-03-16,209
9286759713,100,2025-03-16,202
3414436297,150,2025-03-16,199
8382441982,100,2025-03-16,194
690214056,100,2025-03-16,167
6231729739,150,2025-03-16,163
6492150475,100,2025-03-16,157
3245155914,100,2025-03-16,139
1492882119,150,2025-03-16,132
6009522300,100,2025-03-16,109
1873071729,200,2025-03-16,103
1022691513,150,2025-03-16,61
5917562729,150,2025-03-16,55
7886818333,100,2025-03-16,53
33812669,100,2025-03-16,0
179020749,200,2025-03-16,0
451107000,150,2025-03-16,0
843557278,150,2025-03-16,0
925895422,100,2025-03-16,0
1490259738,150,2025-03-16,0
1611222064,100,2025-03-16,0
1788928924,150,2025-03-16,0
2073862870,100,2025-03-16,0
2173226526,100,2025-03-16,0
2293791742,100,2025-03-16,0
2668690907,100,2025-03-16,0
2713776761,200,2025-03-16,0
3193077208,200,2025-03-16,0
3221941719,100,2025-03-16,0
4468153914,100,2025-03-16,0
4828352047,200,2025-03-16,0
4880852102,150,2025-03-16,0
5032247706,150,2025-03-16,0
5125087170,150,2025-03-16,0
5137196278,150,2025-03-16,0
5269597775,200,2025-03-16,0
5359192263,200,2025-03-16,0
5409063274,200,2025-03-16,0
5617639089,100,2025-03-16,0
5714636796,150,2025-03-16,0
5787984375,200,2025-03-16,0
5832082664,100,2025-03-16,0
6004236780,150,2025-03-16,0
6124868386,200,2025-03-16,0
6171473974,100,2025-03-16,0
6520278363,150,2025-03-16,0
6713166860,200,2025-03-16,0
6859538691,200,2025-03-16,0
7023249757,150,2025-03-16,0
7200804668,150,2025-03-16,0
7631035081,150,2025-03-16,0
7814870767,150,2025-03-16,0
8061874972,100,2025-03-16,0
8079482973,100,2025-03-16,0
8213931746,150,2025-03-16,0
8394079901,100,2025-03-16,0
8465419572,200,2025-03-16,0
8545222889,200,2025-03-16,0
8649208151,200,2025-03-16,0
8657799128,200,2025-03-16,0
8668458097,150,2025-03-16,0
8902246929,150,2025-03-16,0
9170178809,150,2025-03-16,0
9352137652,100,2025-03-16,0
9797847487,100,2025-03-16,0
8353323171,200,2025-03-23,4345323
967038370,150,2025-03-23,4119231
5300509255,150,2025-03-23,3843345
3977323024,100,2025-03-23,2561654
4720400486,200,2025-03-23,1087954
3640895091,200,2025-03-23,860932
5400827280,100,2025-03-23,834183
1826162559,200,2025-03-23,818936
9852377223,150,2025-03-23,764203
6352979899,200,2025-03-23,487185
5548421466,150,2025-03-23,352091
4356343868,200,2025-03-23,2915
2295008647,200,2025-03-23,2799
2874245645,200,2025-03-23,2769
9634575457,200,2025-03-23,2334
7336847823,200,2025-03-23,2293
7175522458,150,2025-03-23,2088
6929989277,200,2025-03-23,1966
8071128578,200,2025-03-23,1408
3129607649,150,2025-03-23,1290
1991217027,100,2025-03-23,1272
7206065353,150,2025-03-23,1179
7147733429,100,2025-03-23,962
3405630230,100,2025-03-23,834
713999242,100,2025-03-23,720
3286073299,100,2025-03-23,622
674171350,200,2025-03-23,553
3547177095,200,2025-03-23,538
4707686552,200,2025-03-23,537
5163556448,200,2025-03-23,537
1348776514,200,2025-03-23,534
663001974,200,2025-03-23,503
1329056827,200,2025-03-23,481
2033009819,200,2025-03-23,472
6471729514,200,2025-03-23,469
5859058394,200,2025-03-23,467
892642544,200,2025-03-23,455
2514035496,200,2025-03-23,455
3894803245,200,2025-03-23,447
7372431428,200,2025-03-23,447
776153585,200,2025-03-23,444
1377369769,150,2025-03-23,439
5213290062,150,2025-03-23,437
3011000830,200,2025-03-23,434
6045778100,150,2025-03-23,424
4965511521,150,2025-03-23,419
1387183144,200,2025-03-23,400
5618904010,200,2025-03-23,394
1548560268,200,2025-03-23,383
6280494980,200,2025-03-23,381
724878750,150,2025-03-23,362
9476226196,200,2025-03-23,327
1753618019,150,2025-03-23,325
1805991533,150,2025-03-23,320
6800617713,150,2025-03-23,317
3773562759,200,2025-03-23,316
6900574074,150,2025-03-23,316
9563762391,150,2025-03-23,316
623767636,150,2025-03-23,313
9358768473,200,2025-03-23,304
2804335213,200,2025-03-23,302
4101482279,150,2025-03-23,299
6955328539,100,2025-03-23,295
1466485205,100,2025-03-23,294
4427850340,100,2025-03-23,291
7989163345,150,2025-03-23,288
212271214,150,2025-03-23,287
327276903,150,2025-03-23,285
7162314184,150,2025-03-23,281
1634215974,200,2025-03-23,276
2505804283,150,2025-03-23,275
3640860766,100,2025-03-23,269
2014735774,100,2025-03-23,262
3182619676,150,2025-03-23,258
9762730467,100,2025-03-23,255
6243983452,150,2025-03-23,229
855848679,100,2025-03-23,227
9511579028,100,2025-03-23,227
6921164452,100,2025-03-23,216
9546102978,100,2025-03-23,206
9754866051,100,2025-03-23,202
9186433881,150,2025-03-23,196
6896111298,100,2025-03-23,195
8306442756,100,2025-03-23,184
7444442621,100,2025-03-23,175
7968264590,100,2025-03-23,172
1794293793,100,2025-03-23,169
8787223904,100,2025-03-23,166
2650918711,100,2025-03-23,163
2698626613,100,2025-03-23,149
2268427297,100,2025-03-23,137
3476597571,150,2025-03-23,126
2323734357,100,2025-03-23,80
3722736925,200,2025-03-23,72
54624250,100,2025-03-23,0
662035351,200,2025-03-23,0
824216826,200,2025-03-23,0
2007738744,150,2025-03-23,0
2307757750,200,2025-03-23,0
2381439113,100,2025-03-23,0
2644742856,200,2025-03-23,0
2921409472,100,2025-03-23,0
3080119868,200,2025-03-23,0
3730371476,200,2025-03-23,0
3975503383,100,2025-03-23,0
4092596457,150,2025-03-23,0
4131891386,150,2025-03-23,0
4740998124,150,2025-03-23,0
4832967993,150,2025-03-23,0
5152907297,150,2025-03-23,0
5207917609,100,2025-03-23,0
5212978189,200,2025-03-23,0
5288046918,150,2025-03-23,0
5370381707,200,2025-03-23,0
5712218536,200,2025-03-23,0
6264315051,150,2025-03-23,0
6767820224,100,2025-03-23,0
6813937117,100,2025-03-23,0
6831462878,200,2025-03-23,0
7056943854,150,2025-03-23,0
7133058183,200,2025-03-23,0
7270212650,200,2025-03-23,0
7337236653,200,2025-03-23,0
7420702210,150,2025-03-23,0
7547816849,100,2025-03-23,0
7624160644,150,2025-03-23,0
8106839469,100,2025-03-23,0
8303393600,100,2025-03-23,0
8486721794,200,2025-03-23,0
8571587286,150,2025-03-23,0
8815807834,200,2025-03-23,0
8838422122,100,2025-03-23,0
8873890873,100,2025-03-23,0
8916317446,150,2025-03-23,0
9111286109,150,2025-03-23,0
9240196899,200,2025-03-23,0
9545458625,200,2025-03-23,0
9711602058,150,2025-03-23,0
9867136858,100,2025-03-23,0
3976118872,150,2025-03-30,3249046
4850938788,100,2025-03-30,2055881
4351044906,200,2025-03-30,697187
1699089627,200,2025-03-30,591262
4409223262,150,2025-03-30,150631
1802277410,200,2025-03-30,2845
3868784149,200,2025-03-30,2647
8728010900,200,2025-03-30,2295
2898356133,200,2025-03-30,2244
7018502243,150,2025-03-30,2185
5808644494,150,2025-03-30,1568
6249201413,200,2025-03-30,1453
6897353886,100,2025-03-30,1396
9498141033,200,2025-03-30,1391
9898606096,100,2025-03-30,1079
3745155919,100,2025-03-30,1078
7412195035,100,2025-03-30,987
9781354755,100,2025-03-30,903
5750998717,100,2025-03-30,882
886683430,150,2025-03-30,855
5537387208,100,2025-03-30,805
1354589819,150,2025-03-30,761
9759452656,100,2025-03-30,711
1893206523,200,2025-03-30,595
7445546939,200,2025-03-30,592
9491518222,200,2025-03-30,571
8178330793,200,2025-03-30,567
4650877175,200,2025-03-30,566
5980642764,200,2025-03-30,551
9228507880,200,2025-03-30,539
907234995,200,2025-03-30,509
4414607280,200,2025-03-30,495
7304314411,200,2025-03-30,493
7791186066,200,2025-03-30,481
3611379159,200,2025-03-30,464
8602604527,150,2025-03-30,444
2722192548,200,2025-03-30,425
5692832514,200,2025-03-30,425
3358169925,200,2025-03-30,419
9351035223,150,2025-03-30,418
2023708658,150,2025-03-30,390
5680147980,200,2025-03-30,378
2950459702,150,2025-03-30,371
6642904902,200,2025-03-30,367
7106662274,150,2025-03-30,361
4718145737,150,2025-03-30,357
9726365862,150,2025-03-30,346
1698434525,150,2025-03-30,344
5498913407,200,2025-03-30,339
1735097053,150,2025-03-30,329
2383189813,200,2025-03-30,312
6560425697,150,2025-03-30,310
1639381281,200,2025-03-30,304
800064380,150,2025-03-30,288
1629353513,100,2025-03-30,287
8821616664,150,2025-03-30,286
5214842027,150,2025-03-30,284
4235920139,100,2025-03-30,281
4310998598,200,2025-03-30,280
6509729122,200,2025-03-30,277
8319423415,100,2025-03-30,275
4059581020,100,2025-03-30,274
8200486849,100,2025-03-30,269
8424920904,100,2025-03-30,265
9327629543,100,2025-03-30,265
1090620830,100,2025-03-30,264
2227072722,150,2025-03-30,264
5777474897,200,2025-03-30,264
514080504,100,2025-03-30,263
532580539,150,2025-03-30,256
4299965682,100,2025-03-30,233
9059253584,150,2025-03-30,212
3780186117,150,2025-03-30,210
9680782785,100,2025-03-30,210
535816353,100,2025-03-30,206
7797230080,100,2025-03-30,201
3839202410,150,2025-03-30,196
2762178340,100,2025-03-30,195
614621682,100,2025-03-30,177
871872056,100,2025-03-30,177
6778758224,100,2025-03-30,174
5065186213,150,2025-03-30,172
6962534600,100,2025-03-30,171
3438345192,100,2025-03-30,167
5560062162,100,2025-03-30,165
7263141032,150,2025-03-30,156
8195098255,200,2025-03-30,155
4724602566,100,2025-03-30,149
6044719054,100,2025-03-30,142
3248898850,100,2025-03-30,133
6867524378,100,2025-03-30,111
3599770233,100,2025-03-30,66
117835429,100,2025-03-30,0
358491971,200,2025-03-30,0
442826320,200,2025-03-30,0
571985674,150,2025-03-30,0
577176654,200,2025-03-30,0
862367972,100,2025-03-30,0
1122433991,100,2025-03-30,0
1338731868,150,2025-03-30,0
1899056394,150,2025-03-30,0
1915703949,100,2025-03-30,0
2019529887,100,2025-03-30,0
2114439646,100,2025-03-30,0
2174479820,200,2025-03-30,0
2447057342,200,2025-03-30,0
2811738888,150,2025-03-30,0
3668047430,200,2025-03-30,0
3708289535,150,2025-03-30,0
3829571255,150,2025-03-30,0
4081516454,100,2025-03-30,0
4334871145,200,2025-03-30,0
4665958860,100,2025-03-30,0
4764341450,150,2025-03-30,0
4773148505,200,2025-03-30,0
5009372979,200,2025-03-30,0
5467122795,200,2025-03-30,0
5574946769,200,2025-03-30,0
5674793770,150,2025-03-30,0
5834522482,150,2025-03-30,0
6091985532,100,2025-03-30,0
6417203798,100,2025-03-30,0
6792124460,200,2025-03-30,0
7616282729,100,2025-03-30,0
7685073708,100,2025-03-30,0
7771549142,200,2025-03-30,0
7793294893,200,2025-03-30,0
8016039599,200,2025-03-30,0
8026314279,100,2025-03-30,0
8043359071,150,2025-03-30,0
8261854818,150,2025-03-30,0
8368243509,150,2025-03-30,0
8454038556,200,2025-03-30,0
8682971065,100,2025-03-30,0
8940489469,100,2025-03-30,0
8989077226,200,2025-03-30,0
9191427616,200,2025-03-30,0
9611285668,200,2025-03-30,0
7517329166,150,2025-04-06,4528761
4125468709,200,2025-04-06,4379011
7399581698,150,2025-04-06,3764165
2571436663,100,2025-04-06,2267309
2569112265,150,2025-04-06,1187809
7263067342,200,2025-04-06,1077981
1572625659,100,2025-04-06,879742
1265161301,200,2025-04-06,758280
6413511465,200,2025-04-06,2704
5497491923,200,2025-04-06,2597
3413952292,200,2025-04-06,2293
3284949585,200,2025-04-06,2248
898005516,200,2025-04-06,2195
7714355092,150,2025-04-06,2147
5660434367,150,2025-04-06,2136
7332326737,200,2025-04-06,1988
5567417702,200,2025-04-06,1946
3375107019,150,2025-04-06,1833
3858923109,150,2025-04-06,1608
8223727518,200,2025-04-06,1570
9523548478,150,2025-04-06,1496
5860387250,100,2025-04-06,1470
2436226761,100,2025-04-06,1360
345900711,200,2025-04-06,1358
3868252571,150,2025-04-06,1251
4337092075,100,2025-04-06,1131
109443209,150,2025-04-06,1117
3409571848,200,2025-04-06,1108
31097272,100,2025-04-06,1071
852467196,100,2025-04-06,1012
4394664393,150,2025-04-06,975
7110986208,150,2025-04-06,936
1473177473,100,2025-04-06,770
7878478811,100,2025-04-06,661
2159791674,200,2025-04-06,599
2675532043,200,2025-04-06,598
4422924462,200,2025-04-06,595
5123138498,200,2025-04-06,590
4520679327,200,2025-04-06,522
9391660489,200,2025-04-06,516
2548879090,200,2025-04-06,515
3373703537,200,2025-04-06,511
9550648777,200,2025-04-06,493
4489945534,200,2025-04-06,474
1040781570,200,2025-04-06,469
371640404,150,2025-04-06,442
3042470024,150,2025-04-06,433
2005403245,150,2025-04-06,428
8397734163,150,2025-04-06,423
8310994857,200,2025-04-06,419
9385021114,150,2025-04-06,416
7953497581,200,2025-04-06,392
2536627384,150,2025-04-06,389
7456589733,150,2025-04-06,385
6481062425,150,2025-04-06,381
8193316890,200,2025-04-06,374
4748919808,150,2025-04-06,364
1611118500,200,2025-04-06,341
7725930769,200,2025-04-06,314
570607520,200,2025-04-06,311
2908945742,200,2025-04-06,310
2673760167,150,2025-04-06,306
8390363435,150,2025-04-06,297
528290454,150,2025-04-06,291
3035967032,100,2025-04-06,291
5700487694,200,2025-04-06,291
3773673385,100,2025-04-06,280
8544812738,200,2025-04-06,276
7565870557,150,2025-04-06,269
768006630,100,2025-04-06,268
4010350115,100,2025-04-06,266
7226538148,200,2025-04-06,264
3625102567,200,2025-04-06,263
5025749117,150,2025-04-06,261
2886912261,200,2025-04-06,260
5334427990,100,2025-04-06,254
3649451654,100,2025-04-06,253
597946124,100,2025-04-06,250
9114712837,100,2025-04-06,250
670522164,100,2025-04-06,249
9942009360,150,2025-04-06,247
8868568193,100,2025-04-06,241
736818140,100,2025-04-06,233
6623798868,100,2025-04-06,225
7302929658,150,2025-04-06,222
3513318002,100,2025-04-06,202
72081311,100,2025-04-06,187
8463078625,100,2025-04-06,172
8775425092,200,2025-04-06,172
9710962321,100,2025-04-06,161
2947920197,100,2025-04-06,157
797407297,100,2025-04-06,154
3171521044,100,2025-04-06,152
8970136719,100,2025-04-06,147
1817313320,200,2025-04-06,146
6883048119,100,2025-04-06,141
7944044085,100,2025-04-06,140
6988195055,100,2025-04-06,135
5259218189,100,2025-04-06,129
9270896481,200,2025-04-06,120
2323267224,200,2025-04-06,95
9033819698,200,2025-04-06,87
6441826597,150,2025-04-06,71
2488449220,200,2025-04-06,67
85591007,100,2025-04-06,50
151079647,150,2025-04-06,0
316111428,200,2025-04-06,0
376598738,100,2025-04-06,0
425612597,200,2025-04-06,0
478742039,100,2025-04-06,0
481264862,200,2025-04-06,0
532541240,150,2025-04-06,0
1031381470,150,2025-04-06,0
1197044114,100,2025-04-06,0
1241187784,150,2025-04-06,0
1268472754,200,2025-04-06,0
1759950787,100,2025-04-06,0
2074940601,150,2025-04-06,0
2132146932,200,2025-04-06,0
2546367046,200,2025-04-06,0
2743874811,150,2025-04-06,0
2799508833,150,2025-04-06,0
2831696998,150,2025-04-06,0
3339403714,100,2025-04-06,0
3456095389,150,2025-04-06,0
3695082660,100,2025-04-06,0
3948771681,100,2025-04-06,0
4045697900,100,2025-04-06,0
4226673531,200,2025-04-06,0
4500863113,200,2025-04-06,0
4588285165,200,2025-04-06,0
4661141250,100,2025-04-06,0
4791269190,200,2025-04-06,0
5088703328,150,2025-04-06,0
5192855814,100,2025-04-06,0
5304718379,100,2025-04-06,0
5459174961,100,2025-04-06,0
5565040897,150,2025-04-06,0
5841970462,150,2025-04-06,0
5987365399,150,2025-04-06,0
6264564502,200,2025-04-06,0
6808546959,100,2025-04-06,0
7120830725,150,2025-04-06,0
7131999023,150,2025-04-06,0
7364798025,200,2025-04-06,0
7800455249,200,2025-04-06,0
7905507687,150,2025-04-06,0
8010589410,100,2025-04-06,0
8038831643,100,2025-04-06,0
8194166927,100,2025-04-06,0
8390722121,150,2025-04-06,0
8513864233,150,2025-04-06,0
8978213068,150,2025-04-06,0
9110701654,100,2025-04-06,0
9405594465,200,2025-04-06,0
9463246674,100,2025-04-06,0
9474460350,100,2025-04-06,0
9725775857,100,2025-04-06,0
9766556270,100,2025-04-06,0
5203618804,150,2025-04-13,4334386
5978536868,150,2025-04-13,3649228
2783039965,100,2025-04-13,1482668
6482101434,200,2025-04-13,1405438
8699339622,200,2025-04-13,645887
7205994478,100,2025-04-13,478118
8711692313,100,2025-04-13,446800
6058662686,200,2025-04-13,437441
2694057222,200,2025-04-13,148061
4685510321,200,2025-04-13,2829
1286136635,200,2025-04-13,2730
6401230604,200,2025-04-13,2696
4167371564,200,2025-04-13,2458
1046272214,200,2025-04-13,2367
9023121542,200,2025-04-13,1905
9016412125,150,2025-04-13,1772
8134688580,150,2025-04-13,1511
5176686916,100,2025-04-13,1488
5004820607,200,2025-04-13,1476
5441512781,150,2025-04-13,1411
7398476325,150,2025-04-13,1211
8542530334,100,2025-04-13,1042
6746386868,100,2025-04-13,976
2603883551,100,2025-04-13,964
4742013201,150,2025-04-13,924
5930136745,100,2025-04-13,901
9872732978,100,2025-04-13,739
6659175453,100,2025-04-13,695
2823110294,200,2025-04-13,588
5577949115,200,2025-04-13,565
8629464147,200,2025-04-13,536
1189739432,200,2025-04-13,533
5851933669,100,2025-04-13,530
8923778938,200,2025-04-13,523
192289373,200,2025-04-13,519
169323949,200,2025-04-13,464
3418986723,200,2025-04-13,459
9681213966,200,2025-04-13,453
7009568302,200,2025-04-13,436
3416937245,150,2025-04-13,435
8351992364,150,2025-04-13,434
160477256,200,2025-04-13,431
4458703774,200,2025-04-13,425
6760259649,150,2025-04-13,417
4504580526,200,2025-04-13,416
3661577062,150,2025-04-13,388
4532927799,150,2025-04-13,382
7706086371,150,2025-04-13,381
8364116309,150,2025-04-13,353
7672219086,150,2025-04-13,337
415937144,150,2025-04-13,336
4179080017,150,2025-04-13,328
59716364,150,2025-04-13,325
8052029619,150,2025-04-13,312
7078911841,200,2025-04-13,308
5483956411,150,2025-04-13,304
6362431677,200,2025-04-13,299
3451340412,150,2025-04-13,294
8878470663,100,2025-04-13,293
1430158252,150,2025-04-13,292
7577032656,200,2025-04-13,290
2245170474,150,2025-04-13,286
7250232726,100,2025-04-13,285
7731113269,100,2025-04-13,285
9621330607,200,2025-04-13,283
5213464333,100,2025-04-13,276
1874674527,200,2025-04-13,275
1861159028,100,2025-04-13,273
5276888020,150,2025-04-13,270
4660251393,150,2025-04-13,259
2379722545,100,2025-04-13,256
1303687012,100,2025-04-13,251
7766924369,150,2025-04-13,237
6415103642,100,2025-04-13,236
1950234265,100,2025-04-13,233
513612973,100,2025-04-13,232
1432378262,150,2025-04-13,232
4703851903,100,2025-04-13,232
2231157904,150,2025-04-13,218
3970016962,150,2025-04-13,217
1415124301,100,2025-04-13,205
888645684,100,2025-04-13,203
8349711293,150,2025-04-13,203
2535050852,150,2025-04-13,199
3080655389,100,2025-04-13,196
6409424728,100,2025-04-13,195
4944125883,100,2025-04-13,193
964199066,100,2025-04-13,188
1324543580,100,2025-04-13,183
8501838190,100,2025-04-13,174
9144354648,100,2025-04-13,173
5844176180,150,2025-04-13,163
6004821718,100,2025-04-13,163
3162254773,100,2025-04-13,159
2007095506,100,2025-04-13,147
1081092141,100,2025-04-13,130
9659460311,150,2025-04-13,125
71668027,200,2025-04-13,0
77871009,200,2025-04-13,0
156428025,100,2025-04-13,0
252574831,200,2025-04-13,0
318774082,100,2025-04-13,0
647140229,200,2025-04-13,0
713251311,150,2025-04-13,0
886568248,100,2025-04-13,0
951445733,150,2025-04-13,0
1205864373,150,2025-04-13,0
1283466747,150,2025-04-13,0
1557675755,200,2025-04-13,0
1665335704,150,2025-04-13,0
1967759468,100,2025-04-13,0
1978969430,200,2025-04-13,0
2090165919,200,2025-04-13,0
2128506423,150,2025-04-13,0
2148980064,100,2025-04-13,0
2187967499,100,2025-04-13,0
2230060492,200,2025-04-13,0
2370224014,100,2025-04-13,0
2442662979,200,2025-04-13,0
2478593204,150,2025-04-13,0
2494068601,150,2025-04-13,0
2586875605,200,2025-04-13,0
2604271182,100,2025-04-13,0
2774384240,150,2025-04-13,0
2855517528,200,2025-04-13,0
2929080326,150,2025-04-13,0
2978539955,100,2025-04-13,0
3033811083,150,2025-04-13,0
3170953852,150,2025-04-13,0
3389184398,200,2025-04-13,0
3417651162,100,2025-04-13,0
3570386975,200,2025-04-13,0
3625399110,100,2025-04-13,0
3655986936,100,2025-04-13,0
4403088550,150,2025-04-13,0
4428165316,100,2025-04-13,0
4637071408,150,2025-04-13,0
5219235461,200,2025-04-13,0
5219654846,100,2025-04-13,0
5328147418,150,2025-04-13,0
5530356366,200,2025-04-13,0
6231135304,200,2025-04-13,0
6490321184,150,2025-04-13,0
6626296986,100,2025-04-13,0
6645693049,200,2025-04-13,0
6860149118,100,2025-04-13,0
7078069088,100,2025-04-13,0
7386473168,100,2025-04-13,0
7963982985,200,2025-04-13,0
8112412021,100,2025-04-13,0
8197204161,200,2025-04-13,0
8333250641,100,2025-04-13,0
8410926458,150,2025-04-13,0
8595569935,100,2025-04-13,0
8770396917,150,2025-04-13,0
8839728655,200,2025-04-13,0
8987531269,200,2025-04-13,0
9103923885,200,2025-04-13,0
9353200574,200,2025-04-13,0
9853585958,150,2025-04-13,0
9959584564,100,2025-04-13,0
9994093139,100,2025-04-13,0
8492846741,100,2025-04-20,3931123
6682683978,150,2025-04-20,3424407
6284404218,200,2025-04-20,3311799
3065298641,150,2025-04-20,3187022
2507275049,200,2025-04-20,1040343
8969681279,200,2025-04-20,810459
2596325923,100,2025-04-20,497078
1404671911,100,2025-04-20,161690
3983676761,200,2025-04-20,2830
6183133978,200,2025-04-20,2824
6031174486,200,2025-04-20,2747
9202313960,200,2025-04-20,2706
3450406373,200,2025-04-20,2392
3175085481,200,2025-04-20,2180
4573175254,150,2025-04-20,2165
3524191024,150,2025-04-20,2050
5656181404,150,2025-04-20,1972
8069651162,150,2025-04-20,1944
5140973934,150,2025-04-20,1694
1856067179,150,2025-04-20,1600
7568578190,100,2025-04-20,1443
6104400114,150,2025-04-20,1343
2802510749,150,2025-04-20,1215
2212909460,150,2025-04-20,1200
3359326740,200,2025-04-20,1159
3466864828,100,2025-04-20,1155
6463974051,100,2025-04-20,1043
2276724610,150,2025-04-20,989
369584647,150,2025-04-20,846
4400890205,100,2025-04-20,708
6483514963,200,2025-04-20,593
8630824327,200,2025-04-20,577
467691409,200,2025-04-20,562
7503861558,200,2025-04-20,547
5352923927,200,2025-04-20,545
2166199438,200,2025-04-20,484
6693660682,200,2025-04-20,480
3412353220,200,2025-04-20,467
5937312710,200,2025-04-20,466
8034867809,200,2025-04-20,455
507623942,200,2025-04-20,423
6408672886,150,2025-04-20,414
2054362773,200,2025-04-20,390
5926873649,150,2025-04-20,380
351972226,200,2025-04-20,350
7143238007,200,2025-04-20,348
2471009298,150,2025-04-20,347
3858813380,150,2025-04-20,344
9597019946,150,2025-04-20,339
6420242383,200,2025-04-20,329
9957986396,200,2025-04-20,324
5848293959,200,2025-04-20,319
8337517197,200,2025-04-20,307
3138853256,100,2025-04-20,291
1292025300,200,2025-04-20,290
6269914645,100,2025-04-20,288
5156366450,150,2025-04-20,286
6330910294,200,2025-04-20,285
7996383371,150,2025-04-20,285
1263415182,150,2025-04-20,266
9561910866,200,2025-04-20,262
1718895539,150,2025-04-20,247
1817165823,150,2025-04-20,224
666576542,100,2025-04-20,211
710017889,100,2025-04-20,207
7159876251,150,2025-04-20,198
3413260945,100,2025-04-20,197
6328604967,100,2025-04-20,195
4912502340,100,2025-04-20,189
8100350251,100,2025-04-20,170
6773630297,100,2025-04-20,166
8162579333,150,2025-04-20,165
9535396427,100,2025-04-20,162
6126355825,100,2025-04-20,160
236212386,100,2025-04-20,154
3129942913,100,2025-04-20,153
9201927768,100,2025-04-20,143
7488501285,200,2025-04-20,137
456487475,100,2025-04-20,136
8398314004,200,2025-04-20,122
8956915633,150,2025-04-20,118
2876050685,150,2025-04-20,110
1080037489,150,2025-04-20,99
2430347959,200,2025-04-20,84
1372226541,150,2025-04-20,77
3114210375,200,2025-04-20,72
1953617225,100,2025-04-20,64
4738493266,200,2025-04-20,63
1984137485,150,2025-04-20,58
59248345,150,2025-04-20,0
724421152,150,2025-04-20,0
1004020124,100,2025-04-20,0
1118188439,100,2025-04-20,0
1351936006,200,2025-04-20,0
1379678582,150,2025-04-20,0
1379724975,150,2025-04-20,0
1697978738,200,2025-04-20,0
1801492862,200,2025-04-20,0
1945256276,150,2025-04-20,0
2163623394,200,2025-04-20,0
2194841397,150,2025-04-20,0
2513987156,100,2025-04-20,0
2576883913,100,2025-04-20,0
2833218181,100,2025-04-20,0
2865325526,100,2025-04-20,0
3032339414,200,2025-04-20,0
3050523757,100,2025-04-20,0
3083798273,150,2025-04-20,0
3096859086,150,2025-04-20,0
3129529095,150,2025-04-20,0
3466067466,100,2025-04-20,0
3647911515,100,2025-04-20,0
3691299597,200,2025-04-20,0
3699417838,150,2025-04-20,0
3711947054,200,2025-04-20,0
3856316553,100,2025-04-20,0
4386333747,100,2025-04-20,0
4504395005,200,2025-04-20,0
5349358884,150,2025-04-20,0
5400753508,100,2025-04-20,0
5614948481,100,2025-04-20,0
5716473398,150,2025-04-20,0
5777856382,150,2025-04-20,0
5805389473,100,2025-04-20,0
6121602747,100,2025-04-20,0
6323174331,200,2025-04-20,0
6435305636,200,2025-04-20,0
7010789787,200,2025-04-20,0
7302206924,100,2025-04-20,0
7322134605,200,2025-04-20,0
7769424585,200,2025-04-20,0
7819003852,200,2025-04-20,0
7839411560,100,2025-04-20,0
7937801477,200,2025-04-20,0
8280004265,200,2025-04-20,0
8399432842,100,2025-04-20,0
8526418645,100,2025-04-20,0
8603668317,100,2025-04-20,0
8743479415,150,2025-04-20,0
9176559907,150,2025-04-20,0
9868505246,100,2025-04-20,0
9896401966,150,2025-04-20,0
3884998002,200,2025-04-27,4622466
7758324626,200,2025-04-27,1464617
9087423880,200,2025-04-27,1228513
2297828320,200,2025-04-27,1211377
2513161484,150,2025-04-27,630960
8399610708,200,2025-04-27,2832
8345008301,200,2025-04-27,2318
7156815882,200,2025-04-27,2293
3428310494,150,2025-04-27,2078
9792646093,200,2025-04-27,2075
775141934,150,2025-04-27,2067
3091047374,200,2025-04-27,1983
4593879508,150,2025-04-27,1979
1841059063,150,2025-04-27,1943
2138742489,200,2025-04-27,1835
7148882175,150,2025-04-27,1563
6646646509,200,2025-04-27,1562
8653579735,150,2025-04-27,1504
1524734377,100,2025-04-27,1496
3516589935,150,2025-04-27,1469
9529085499,150,2025-04-27,1370
8931888950,150,2025-04-27,1352
7468239851,100,2025-04-27,1327
9713646534,100,2025-04-27,1146
8032983780,150,2025-04-27,1089
8596362663,100,2025-04-27,1032
8657139744,100,2025-04-27,1016
2277569844,100,2025-04-27,920
8225244562,100,2025-04-27,909
2488221395,100,2025-04-27,772
4458132334,100,2025-04-27,702
37381216,100,2025-04-27,633
3481842875,200,2025-04-27,557
2427572357,200,2025-04-27,556
8644750865,200,2025-04-27,522
3629530561,200,2025-04-27,510
4899541688,200,2025-04-27,495
5855251480,200,2025-04-27,464
3496519416,200,2025-04-27,447
4576346581,200,2025-04-27,446
2824431851,200,2025-04-27,444
545025689,150,2025-04-27,441
8939233914,150,2025-04-27,441
6854617010,200,2025-04-27,437
2211045278,200,2025-04-27,415
9195778300,150,2025-04-27,395
146381232,150,2025-04-27,389
3367670814,150,2025-04-27,389
578308208,150,2025-04-27,385
8595569350,200,2025-04-27,385
3092589774,200,2025-04-27,373
1309641459,200,2025-04-27,369
3377014930,150,2025-04-27,369
2058865033,150,2025-04-27,368
6936457163,150,2025-04-27,366
4134909573,150,2025-04-27,364
2108496020,150,2025-04-27,342
5556962051,200,2025-04-27,334
908384431,200,2025-04-27,330
7422658610,150,2025-04-27,329
1367068055,150,2025-04-27,324
7356569767,150,2025-04-27,323
5357505929,150,2025-04-27,319
3915153021,200,2025-04-27,299
1140733439,200,2025-04-27,296
4234478093,100,2025-04-27,290
1824809849,100,2025-04-27,278
4063773178,100,2025-04-27,278
7786332392,150,2025-04-27,278
74120226,200,2025-04-27,267
3939448344,100,2025-04-27,263
540538142,100,2025-04-27,262
3014031657,100,2025-04-27,245
9852130537,100,2025-04-27,243
7494470654,100,2025-04-27,234
8428274492,150,2025-04-27,230
6256314165,100,2025-04-27,226
8622822951,100,2025-04-27,217
5288407286,100,2025-04-27,207
789945224,100,2025-04-27,202
1393482819,100,2025-04-27,198
7753699009,100,2025-04-27,197
6536807074,100,2025-04-27,186
2098463823,100,2025-04-27,183
6730064633,200,2025-04-27,179
320722723,100,2025-04-27,178
9558949794,200,2025-04-27,170
6770385945,100,2025-04-27,168
7152595830,100,2025-04-27,167
7738241137,100,2025-04-27,164
3439872130,100,2025-04-27,157
527441305,100,2025-04-27,156
879539290,150,2025-04-27,148
140457287,100,2025-04-27,147
6712209125,100,2025-04-27,142
4380232875,100,2025-04-27,139
4811385350,100,2025-04-27,133
7576217721,150,2025-04-27,133
7669037691,200,2025-04-27,74
9280191484,100,2025-04-27,70
107720017,200,2025-04-27,0
800240794,200,2025-04-27,0
923096978,150,2025-04-27,0
1019755045,100,2025-04-27,0
2115595072,200,2025-04-27,0
2207775501,100,2025-04-27,0
2867143659,200,2025-04-27,0
2952209924,100,2025-04-27,0
3229666043,100,2025-04-27,0
3620102945,200,2025-04-27,0
3729615396,100,2025-04-27,0
3836233495,150,2025-04-27,0
4215352859,150,2025-04-27,0
4593584695,100,2025-04-27,0
4658746109,150,2025-04-27,0
4945478495,200,2025-04-27,0
5196471635,100,2025-04-27,0
5262090494,150,2025-04-27,0
5386752439,200,2025-04-27,0
5399858707,100,2025-04-27,0
6068295229,200,2025-04-27,0
6108756767,100,2025-04-27,0
6208089175,150,2025-04-27,0
6257047307,150,2025-04-27,0
6376375347,200,2025-04-27,0
6714192443,100,2025-04-27,0
6799180721,200,2025-04-27,0
7066532128,150,2025-04-27,0
7103296016,200,2025-04-27,0
7174035513,150,2025-04-27,0
7254491457,150,2025-04-27,0
7392174671,100,2025-04-27,0
7448436558,150,2025-04-27,0
7507961639,200,2025-04-27,0
7536063703,100,2025-04-27,0
7628027969,200,2025-04-27,0
7808704963,150,2025-04-27,0
7892899796,150,2025-04-27,0
7895904224,150,2025-04-27,0
7944128194,200,2025-04-27,0
7971085509,100,2025-04-27,0
8011930287,200,2025-04-27,0
8149448586,200,2025-04-27,0
8175247978,150,2025-04-27,0
8253233973,200,2025-04-27,0
8415128953,100,2025-04-27,0
9028600826,100,2025-04-27,0
9369481511,150,2025-04-27,0
9526299811,200,2025-04-27,0
9578394469,200,2025-04-27,0
9676782116,200,2025-04-27,0
50723648,150,2025-05-04,4016141
3302742875,100,2025-05-04,1266437
3526179853,150,2025-05-04,1119652
8022945770,100,2025-05-04,897414
9678905627,100,2025-05-04,869533
734506419,200,2025-05-04,280755
7379053293,200,2025-05-04,2895
4092069206,200,2025-05-04,2485
508222561,150,2025-05-04,2172
3561003363,150,2025-05-04,1931
3660514015,200,2025-05-04,1813
5282963325,200,2025-05-04,1714
8342469645,200,2025-05-04,1444
7864619188,200,2025-05-04,1388
9234419537,200,2025-05-04,1356
9271411091,150,2025-05-04,1295
9317744286,150,2025-05-04,1271
5225452093,150,2025-05-04,1247
5862023880,100,2025-05-04,1086
603588369,150,2025-05-04,1060
594486978,100,2025-05-04,1034
869998128,200,2025-05-04,1008
8681248988,100,2025-05-04,910
6151025250,100,2025-05-04,780
7580754060,100,2025-05-04,712
9862062695,200,2025-05-04,598
3841371495,200,2025-05-04,597
1550285845,200,2025-05-04,592
3066468758,200,2025-05-04,585
419710364,200,2025-05-04,570
2066743302,200,2025-05-04,475
3593878133,200,2025-05-04,473
2346642359,200,2025-05-04,467
299801594,200,2025-05-04,452
9182031730,200,2025-05-04,438
2420840690,150,2025-05-04,434
8903163690,150,2025-05-04,431
6644910845,200,2025-05-04,422
5769002531,200,2025-05-04,406
72154869,200,2025-05-04,404
7623021374,200,2025-05-04,388
6177481150,200,2025-05-04,360
2383034584,200,2025-05-04,356
3081953102,150,2025-05-04,343
6017628065,150,2025-05-04,343
8645825554,150,2025-05-04,343
3905140128,200,2025-05-04,337
1728141955,150,2025-05-04,330
7740399001,150,2025-05-04,328
9713467307,150,2025-05-04,321
8994253366,200,2025-05-04,318
9352016028,150,2025-05-04,304
5894117524,100,2025-05-04,299
2415902207,150,2025-05-04,298
4689397269,100,2025-05-04,295
4435245449,100,2025-05-04,293
2575001118,100,2025-05-04,277
9793261279,150,2025-05-04,277
5172766421,150,2025-05-04,274
9013694557,100,2025-05-04,270
5275605111,200,2025-05-04,263
7411909397,150,2025-05-04,260
1334416765,150,2025-05-04,258
4197667744,100,2025-05-04,257
1810266408,100,2025-05-04,253
2489846028,150,2025-05-04,253
3171956917,100,2025-05-04,253
8194859766,150,2025-05-04,249
4524708131,150,2025-05-04,245
8067382643,100,2025-05-04,240
1921731910,100,2025-05-04,238
1175511491,150,2025-05-04,229
8162484944,100,2025-05-04,229
7205361569,150,2025-05-04,219
4853515084,150,2025-05-04,217
3920094372,150,2025-05-04,205
5773674888,150,2025-05-04,204
4442409707,100,2025-05-04,201
2927775032,150,2025-05-04,196
7743480988,150,2025-05-04,196
1969648262,100,2025-05-04,195
2453545736,100,2025-05-04,190
93313236,200,2025-05-04,187
3507340340,100,2025-05-04,185
6506508361,100,2025-05-04,181
5191767490,150,2025-05-04,178
8954523732,150,2025-05-04,172
148610716,100,2025-05-04,171
5507457685,200,2025-05-04,169
5434241156,100,2025-05-04,166
6164025578,100,2025-05-04,163
5990858324,100,2025-05-04,162
363807285,150,2025-05-04,159
5904976662,100,2025-05-04,156
2204262819,100,2025-05-04,153
4707023322,150,2025-05-04,149
2731597774,100,2025-05-04,147
2873232445,100,2025-05-04,144
5662552709,100,2025-05-04,144
2779788752,150,2025-05-04,136
4280309812,100,2025-05-04,135
1221282043,150,2025-05-04,101
3969476502,150,2025-05-04,80
1013919129,150,2025-05-04,73
7078524503,100,2025-05-04,67
4153240788,100,2025-05-04,66
14210426,100,2025-05-04,0
185097458,150,2025-05-04,0
595995844,100,2025-05-04,0
1103152337,200,2025-05-04,0
1517294849,100,2025-05-04,0
1883730773,200,2025-05-04,0
1907570643,200,2025-05-04,0
1917545358,100,2025-05-04,0
1980196754,200,2025-05-04,0
2014758988,150,2025-05-04,0
2043333059,100,2025-05-04,0
2097037598,200,2025-05-04,0
2108346804,200,2025-05-04,0
2225093160,150,2025-05-04,0
2483801709,100,2025-05-04,0
2648050442,200,2025-05-04,0
2683308267,200,2025-05-04,0
2980219152,150,2025-05-04,0
3450546487,100,2025-05-04,0
3656673815,100,2025-05-04,0
3813723273,100,2025-05-04,0
3849990952,100,2025-05-04,0
4120260356,150,2025-05-04,0
4634072821,200,2025-05-04,0
4862630912,150,2025-05-04,0
5093229204,150,2025-05-04,0
5109113029,100,2025-05-04,0
5236032562,100,2025-05-04,0
5368410590,100,2025-05-04,0
5370943354,200,2025-05-04,0
5406375857,200,2025-05-04,0
5629062818,200,2025-05-04,0
5683799374,150,2025-05-04,0
5942891178,100,2025-05-04,0
6103810118,150,2025-05-04,0
6407876722,150,2025-05-04,0
6576634378,100,2025-05-04,0
6711265744,150,2025-05-04,0
6721654513,200,2025-05-04,0
6727294330,150,2025-05-04,0
6801552383,100,2025-05-04,0
7078459242,150,2025-05-04,0
7160316020,100,2025-05-04,0
7197524713,100,2025-05-04,0
7363453770,100,2025-05-04,0
7447449582,200,2025-05-04,0
7676165005,200,2025-05-04,0
7965868885,200,2025-05-04,0
8324896097,200,2025-05-04,0
8523696503,100,2025-05-04,0
8681784337,100,2025-05-04,0
8996428153,200,2025-05-04,0
9007587919,100,2025-05-04,0
9049097761,200,2025-05-04,0
9065523807,100,2025-05-04,0
9125630938,100,2025-05-04,0
9290290022,150,2025-05-04,0
9334800135,200,2025-05-04,0
9738272373,150,2025-05-04,0
670097058,150,2025-05-11,4328063
8486352640,150,2025-05-11,4012593
2677117971,100,2025-05-11,2843792
38557472,150,2025-05-11,817775
3183382563,200,2025-05-11,2939
7129758484,200,2025-05-11,2774
4147827053,150,2025-05-11,2249
8880153331,150,2025-05-11,2011
2323760788,150,2025-05-11,1989
1943277121,150,2025-05-11,1640
8499132294,150,2025-05-11,1619
8362736701,150,2025-05-11,1582
7874883041,200,2025-05-11,1573
458833121,150,2025-05-11,1478
6003212530,150,2025-05-11,1465
2949239080,200,2025-05-11,1441
6849270266,150,2025-05-11,1286
9573130822,100,2025-05-11,1231
2211239096,150,2025-05-11,1220
5051735924,150,2025-05-11,1213
9850640231,150,2025-05-11,1113
6217875450,150,2025-05-11,1026
3954471017,100,2025-05-11,977
6991644605,150,2025-05-11,963
4144968930,100,2025-05-11,902
9916267460,150,2025-05-11,899
2568438884,150,2025-05-11,871
8288131111,100,2025-05-11,811
9289421302,100,2025-05-11,750
6965720730,100,2025-05-11,658
4353822696,100,2025-05-11,655
2853271682,200,2025-05-11,534
6429098338,200,2025-05-11,513
4132473732,200,2025-05-11,493
7854678648,200,2025-05-11,471
7150744335,200,2025-05-11,463
4620001124,200,2025-05-11,452
6302515440,200,2025-05-11,447
9907985594,150,2025-05-11,442
5014948535,150,2025-05-11,441
4078069989,200,2025-05-11,436
3854231949,150,2025-05-11,429
8559306499,150,2025-05-11,421
3484823047,200,2025-05-11,416
2813679391,150,2025-05-11,378
8910654808,200,2025-05-11,376
9852343574,200,2025-05-11,376
3476185922,200,2025-05-11,375
6269127456,150,2025-05-11,372
366898638,150,2025-05-11,359
8789817348,200,2025-05-11,350
7109690136,150,2025-05-11,349
6658377800,200,2025-05-11,345
4270644564,200,2025-05-11,337
8176257779,150,2025-05-11,336
4888692578,200,2025-05-11,324
6234526710,200,2025-05-11,323
7426356625,150,2025-05-11,306
9199673878,100,2025-05-11,297
910927002,200,2025-05-11,294
654821157,100,2025-05-11,292
9623213539,100,2025-05-11,290
6023711796,150,2025-05-11,270
5717788498,100,2025-05-11,269
5607041998,100,2025-05-11,267
4719330159,150,2025-05-11,264
231417850,200,2025-05-11,261
4009598455,100,2025-05-11,250
2045650234,150,2025-05-11,244
2701079118,100,2025-05-11,240
916230343,150,2025-05-11,230
2979624127,100,2025-05-11,213
5784271132,200,2025-05-11,199
740556413,150,2025-05-11,195
490045270,150,2025-05-11,189
800400342,200,2025-05-11,187
5733218393,150,2025-05-11,174
3146935367,200,2025-05-11,162
3475776061,100,2025-05-11,162
5044468905,100,2025-05-11,162
5534604924,150,2025-05-11,161
293030443,100,2025-05-11,160
5328940335,200,2025-05-11,151
9561746697,100,2025-05-11,132
1739161075,150,2025-05-11,125
595838162,150,2025-05-11,101
4632541547,150,2025-05-11,95
4125637763,150,2025-05-11,88
3982198494,150,2025-05-11,72
395439666,200,2025-05-11,65
982051449,150,2025-05-11,62
234672121,200,2025-05-11,0
385467654,150,2025-05-11,0
486708111,150,2025-05-11,0
616206394,200,2025-05-11,0
626930194,100,2025-05-11,0
962055305,200,2025-05-11,0
966451889,150,2025-05-11,0
1444601466,200,2025-05-11,0
1478537491,100,2025-05-11,0
1990859211,150,2025-05-11,0
2781844766,150,2025-05-11,0
2843045578,200,2025-05-11,0
2881813323,100,2025-05-11,0
2933125156,200,2025-05-11,0
3134634381,200,2025-05-11,0
3687424464,200,2025-05-11,0
3856312781,200,2025-05-11,0
3956768584,100,2025-05-11,0
4101246140,200,2025-05-11,0
4187169680,200,2025-05-11,0
4478955012,200,2025-05-11,0
4908455181,100,2025-05-11,0
5235872815,150,2025-05-11,0
6258643021,100,2025-05-11,0
6291826587,100,2025-05-11,0
6372331250,150,2025-05-11,0
6545966846,100,2025-05-11,0
6612714182,100,2025-05-11,0
6765753832,100,2025-05-11,0
7146717518,200,2025-05-11,0
7638125852,200,2025-05-11,0
7922666417,150,2025-05-11,0
7946773734,200,2025-05-11,0
8095634336,150,2025-05-11,0
8531811764,100,2025-05-11,0
8537970720,200,2025-05-11,0
8574275224,200,2025-05-11,0
8594785925,200,2025-05-11,0
8756045645,150,2025-05-11,0
8770388766,150,2025-05-11,0
8917276262,150,2025-05-11,0
9041419571,150,2025-05-11,0
9214894161,150,2025-05-11,0
9404065311,150,2025-05-11,0
9625624164,150,2025-05-11,0
9801446580,200,2025-05-11,0
581395252,200,2025-05-18,1054730
9841108590,150,2025-05-18,1009805
8481799363,200,2025-05-18,584803
965021146,150,2025-05-18,397335
5474006527,200,2025-05-18,2386
2122173803,150,2025-05-18,2200
937403983,150,2025-05-18,2039
189089517,150,2025-05-18,1966
2386081958,200,2025-05-18,1821
303512479,200,2025-05-18,1516
3587810450,100,2025-05-18,1473
7619454149,100,2025-05-18,1462
4883635841,100,2025-05-18,1443
2794641956,100,2025-05-18,1426
4701027167,100,2025-05-18,1341
9431640150,200,2025-05-18,1326
8285018170,100,2025-05-18,1283
5264425090,150,2025-05-18,1241
2690007928,100,2025-05-18,1162
4269998985,150,2025-05-18,1009
3170533274,100,2025-05-18,916
1631536727,150,2025-05-18,805
9851398648,200,2025-05-18,591
3534804689,100,2025-05-18,566
9778901395,200,2025-05-18,549
5978919346,200,2025-05-18,545
1975188073,200,2025-05-18,521
5521763306,200,2025-05-18,521
463453842,200,2025-05-18,508
541788780,200,2025-05-18,477
8764694540,200,2025-05-18,477
7945820031,200,2025-05-18,474
1529509827,200,2025-05-18,473
9729303381,200,2025-05-18,468
727511417,200,2025-05-18,463
7685782406,200,2025-05-18,457
8240079731,150,2025-05-18,449
4182830689,200,2025-05-18,448
8290186649,200,2025-05-18,441
234188207,150,2025-05-18,435
463417503,150,2025-05-18,433
1400238336,200,2025-05-18,433
8581706118,200,2025-05-18,425
6231199142,150,2025-05-18,422
969058423,150,2025-05-18,401
7270540313,150,2025-05-18,393
3604888563,200,2025-05-18,379
3587818792,200,2025-05-18,378
9783266785,150,2025-05-18,375
3397859303,150,2025-05-18,355
773668034,200,2025-05-18,337
9076392075,150,2025-05-18,309
4123523446,150,2025-05-18,295
8143522402,200,2025-05-18,294
3249825621,150,2025-05-18,289
4562908136,100,2025-05-18,286
4367893026,100,2025-05-18,279
3630527130,200,2025-05-18,274
2621418346,150,2025-05-18,268
1563303872,200,2025-05-18,266
5475336346,100,2025-05-18,266
7652810503,200,2025-05-18,266
3897182945,100,2025-05-18,260
398759493,100,2025-05-18,256
5773050849,150,2025-05-18,254
8790124965,150,2025-05-18,253
72625299,150,2025-05-18,250
6417028175,150,2025-05-18,243
555265952,150,2025-05-18,238
4213559491,100,2025-05-18,238
5989124653,100,2025-05-18,227
6940933842,100,2025-05-18,210
8713092659,150,2025-05-18,201
7458941972,100,2025-05-18,199
8441809647,100,2025-05-18,192
2761182566,200,2025-05-18,187
3107822097,150,2025-05-18,183
4136695054,100,2025-05-18,179
2007260293,100,2025-05-18,166
3108997614,150,2025-05-18,162
8907409315,100,2025-05-18,157
6622032353,100,2025-05-18,145
2475049048,100,2025-05-18,140
3003974076,100,2025-05-18,136
8419787083,150,2025-05-18,130
379679415,150,2025-05-18,93
6544014,150,2025-05-18,0
458552651,100,2025-05-18,0
759371342,100,2025-05-18,0
1183112231,100,2025-05-18,0
1219470031,100,2025-05-18,0
1256089584,100,2025-05-18,0
1312571911,200,2025-05-18,0
1406506441,100,2025-05-18,0
1536535238,200,2025-05-18,0
1915304976,100,2025-05-18,0
1980254540,200,2025-05-18,0
1981063818,200,2025-05-18,0
2004655278,150,2025-05-18,0
2180906496,200,2025-05-18,0
2835221119,200,2025-05-18,0
2942994240,200,2025-05-18,0
2979512724,200,2025-05-18,0
3945489099,100,2025-05-18,0
4142147570,100,2025-05-18,0
4237422897,200,2025-05-18,0
4289834362,150,2025-05-18,0
4303372420,200,2025-05-18,0
4383509800,150,2025-05-18,0
4538616566,100,2025-05-18,0
4636371483,150,2025-05-18,0
4722878167,200,2025-05-18,0
5140900896,200,2025-05-18,0
5548977533,150,2025-05-18,0
6182942497,100,2025-05-18,0
6712824123,100,2025-05-18,0
7019487314,200,2025-05-18,0
7627073359,100,2025-05-18,0
8034633714,150,2025-05-18,0
8035942956,150,2025-05-18,0
8142700996,150,2025-05-18,0
8203956194,150,2025-05-18,0
8445124824,150,2025-05-18,0
8665585634,200,2025-05-18,0
8709671639,150,2025-05-18,0
8886118116,200,2025-05-18,0
8944904650,150,2025-05-18,0
9005112930,100,2025-05-18,0
9296286578,150,2025-05-18,0
9796723183,150,2025-05-18,0
4891892564,150,2025-05-25,4785739
5733988320,150,2025-05-25,4111570
3486963849,200,2025-05-25,3623646
3033412680,150,2025-05-25,1484372
2924964602,200,2025-05-25,1083095
7002430868,200,2025-05-25,771668
7052777637,150,2025-05-25,379891
4044970811,100,2025-05-25,355132
9235569412,150,2025-05-25,2145
7553512348,200,2025-05-25,2020
6120183644,150,2025-05-25,1940
8094838546,150,2025-05-25,1670
8239204787,200,2025-05-25,1598
6815686975,150,2025-05-25,1588
3237793588,200,2025-05-25,1561
1279477699,100,2025-05-25,1436
2170432265,100,2025-05-25,1434
6654800891,200,2025-05-25,1416
7966088716,200,2025-05-25,1398
9947091962,150,2025-05-25,1379
405921564,150,2025-05-25,1257
9348605425,150,2025-05-25,1252
6515490450,100,2025-05-25,1251
1404723592,100,2025-05-25,1227
7583865166,100,2025-05-25,1168
4661604847,200,2025-05-25,1128
2845502848,100,2025-05-25,1073
1985246178,150,2025-05-25,1059
7461881860,100,2025-05-25,1034
304893137,100,2025-05-25,869
4030691406,100,2025-05-25,814
2931100302,100,2025-05-25,591
6532079243,200,2025-05-25,584
3980105700,100,2025-05-25,556
4827001706,200,2025-05-25,553
6855886630,200,2025-05-25,533
1562847434,200,2025-05-25,504
4551799673,200,2025-05-25,493
8111435373,200,2025-05-25,491
3442118549,200,2025-05-25,473
252631353,200,2025-05-25,468
5372156596,200,2025-05-25,446
152510485,200,2025-05-25,444
3711149701,200,2025-05-25,420
4236115617,150,2025-05-25,415
4230581351,150,2025-05-25,402
2178097673,150,2025-05-25,398
4384749834,150,2025-05-25,395
8262943648,150,2025-05-25,389
625746008,200,2025-05-25,388
4782222341,200,2025-05-25,386
6036638611,150,2025-05-25,381
2259522908,200,2025-05-25,379
6706999475,200,2025-05-25,369
7226791834,200,2025-05-25,351
8058574372,150,2025-05-25,342
6000945377,200,2025-05-25,340
7602953055,150,2025-05-25,336
8064113077,150,2025-05-25,333
2648734925,200,2025-05-25,329
7894371544,200,2025-05-25,325
7127956786,150,2025-05-25,315
8194959078,150,2025-05-25,313
5887550690,200,2025-05-25,311
7746349965,150,2025-05-25,311
8301937637,200,2025-05-25,306
6322839086,100,2025-05-25,295
6325397670,200,2025-05-25,295
9378486086,100,2025-05-25,288
6169061271,150,2025-05-25,287
6714012696,100,2025-05-25,286
6120800991,200,2025-05-25,282
5406996719,150,2025-05-25,278
311760288,150,2025-05-25,270
793024490,100,2025-05-25,265
6582206418,150,2025-05-25,265
6955142593,100,2025-05-25,264
5155545213,100,2025-05-25,258
5937113394,100,2025-05-25,256
457486812,100,2025-05-25,253
4569409422,150,2025-05-25,249
9386859447,100,2025-05-25,247
758607907,100,2025-05-25,238
3140100839,100,2025-05-25,235
2096653438,100,2025-05-25,234
6703351620,150,2025-05-25,224
4301486012,150,2025-05-25,215
8592278329,150,2025-05-25,215
8619650361,100,2025-05-25,215
88438242,150,2025-05-25,201
3921210080,150,2025-05-25,201
7610340447,150,2025-05-25,199
1497824131,150,2025-05-25,197
6610562248,150,2025-05-25,197
7291002922,100,2025-05-25,186
1164466666,100,2025-05-25,184
175284957,100,2025-05-25,177
8272958926,100,2025-05-25,168
3992911373,100,2025-05-25,161
382389955,150,2025-05-25,154
6956755665,100,2025-05-25,150
3684371915,100,2025-05-25,146
1034461878,100,2025-05-25,138
9416186790,100,2025-05-25,136
9079227917,200,2025-05-25,133
727938318,100,2025-05-25,132
783013283,100,2025-05-25,101
3136931626,100,2025-05-25,75
65539693,100,2025-05-25,70
1823967846,150,2025-05-25,68
7048644559,150,2025-05-25,67
153955500,100,2025-05-25,0
324417291,200,2025-05-25,0
725264190,200,2025-05-25,0
890964629,100,2025-05-25,0
900342995,200,2025-05-25,0
1424152613,100,2025-05-25,0
1551567493,150,2025-05-25,0
1582809856,150,2025-05-25,0
1614031503,150,2025-05-25,0
1902180894,150,2025-05-25,0
2336566824,100,2025-05-25,0
2656755452,150,2025-05-25,0
3084640603,150,2025-05-25,0
3095518931,150,2025-05-25,0
3151258346,100,2025-05-25,0
3196106425,150,2025-05-25,0
3581588415,150,2025-05-25,0
3652315875,100,2025-05-25,0
3822067248,200,2025-05-25,0
3864527020,100,2025-05-25,0
3901502354,100,2025-05-25,0
3967605167,200,2025-05-25,0
4050127363,200,2025-05-25,0
4313136154,100,2025-05-25,0
4558539691,150,2025-05-25,0
4570792877,200,2025-05-25,0
4767428988,100,2025-05-25,0
4813624327,100,2025-05-25,0
5006149518,150,2025-05-25,0
5136567851,200,2025-05-25,0
5656992925,150,2025-05-25,0
5731024719,100,2025-05-25,0
5740699759,100,2025-05-25,0
5830256244,100,2025-05-25,0
5901438618,200,2025-05-25,0
5943952114,100,2025-05-25,0
6264443137,150,2025-05-25,0
6330424609,200,2025-05-25,0
6512154052,200,2025-05-25,0
6573981033,150,2025-05-25,0
6948203504,200,2025-05-25,0
6991054199,200,2025-05-25,0
7157783656,150,2025-05-25,0
7382648541,200,2025-05-25,0
7491808837,150,2025-05-25,0
7512955056,200,2025-05-25,0
7542224179,200,2025-05-25,0
7675355003,100,2025-05-25,0
7737156680,150,2025-05-25,0
7775137645,200,2025-05-25,0
7897759673,100,2025-05-25,0
7956574253,150,2025-05-25,0
8066524094,150,2025-05-25,0
8147514538,150,2025-05-25,0
8233675702,150,2025-05-25,0
9492918847,100,2025-05-25,0
9901383650,150,2025-05-25,0
