187964139,150,2025-01-05,4466884
5391505065,200,2025-01-05,322
7554059163,100,2025-01-05,238
2856931908,200,2025-01-05,198
6677576963,200,2025-01-12,2312
3014816409,200,2025-01-12,0
6202956976,150,2025-01-12,0
6981305540,100,2025-01-12,0
9559234165,200,2025-01-19,2883
3278119530,100,2025-01-19,1325
3338727030,200,2025-01-19,431
430880164,100,2025-01-19,0
852706005,150,2025-01-19,0
4931350611,150,2025-01-19,0
5870122207,100,2025-01-19,0
4876923352,200,2025-01-26,2349
4024557784,150,2025-01-26,396
7101679693,150,2025-01-26,368
9921957132,100,2025-01-26,230
8974992512,200,2025-01-26,0
2398689912,200,2025-03-02,588
2972950012,200,2025-03-02,491
6553365752,200,2025-03-02,428
7679653282,100,2025-03-02,178
4831289506,150,2025-03-02,0
4752536315,150,2025-03-09,4685864
915010817,100,2025-03-09,4557038
7908982313,200,2025-03-09,2671
3306236823,150,2025-03-09,966
8459464900,200,2025-03-09,365
2509592613,100,2025-03-09,241
1492144349,100,2025-03-09,0
7453853069,100,2025-03-16,159
12642953,150,2025-03-16,0
7927637698,150,2025-03-16,0
8845742514,100,2025-03-16,0
9856127599,100,2025-03-16,0
5689923371,100,2025-03-23,172852
7948765807,200,2025-03-23,2425
9862825093,150,2025-03-23,2205
4746464404,150,2025-03-23,1334
1214999298,150,2025-03-23,341
8725635243,150,2025-03-23,338
754034885,150,2025-03-23,0
3442390075,100,2025-03-23,0
8986354520,200,2025-03-23,0
40049137,150,2025-03-30,397
6241709304,200,2025-03-30,329
1621072560,150,2025-03-30,324
791228334,150,2025-03-30,0
1807166991,150,2025-03-30,0
3231850482,100,2025-03-30,0
6952395159,100,2025-03-30,0
9874404597,100,2025-04-06,1005
4022812097,150,2025-04-06,409
2589263469,150,2025-04-06,378
3357115386,150,2025-04-06,303
134048470,100,2025-04-06,192
5962121245,200,2025-04-13,455
3669480563,100,2025-04-13,294
8691947461,100,2025-04-13,266
165963779,100,2025-04-13,168
974730272,100,2025-04-13,117
1019323792,150,2025-04-13,0
1988161856,100,2025-04-13,0
7470500574,100,2025-04-20,759278
838014219,150,2025-04-20,0
1711999320,100,2025-04-20,0
5352169680,150,2025-04-20,0
7320810880,100,2025-04-20,0
3650003632,100,2025-04-27,1059
3897778772,100,2025-04-27,269
8799933176,100,2025-04-27,210
948191272,150,2025-04-27,0
4934823128,200,2025-04-27,0
5675629139,100,2025-05-04,3404835
8839718980,150,2025-05-04,1311
6501866061,150,2025-05-04,309
9394670993,100,2025-05-04,219
688876278,200,2025-05-04,0
1368775154,100,2025-05-04,0
7986875296,100,2025-05-04,0
7395223375,100,2025-05-11,1306485
8276658644,150,2025-05-11,219
9063072604,100,2025-05-11,156
4272728493,200,2025-05-11,0
4553906934,100,2025-05-11,0
2571865366,150,2025-05-18,2118635
51364201,150,2025-05-18,726282
4369405451,150,2025-05-18,966
9926901606,100,2025-05-18,251
8540315852,150,2025-05-18,133
7903836463,150,2025-05-18,0
9578951875,100,2025-05-18,0
9611162932,200,2025-05-25,371
891053556,150,2025-05-25,350
1778978858,200,2025-05-25,170
4341287288,200,2025-05-25,80
4564795838,200,2025-05-25,0
6350658279,200,2025-05-25,0
