6249763716,200,2025-01-05,4445809
8644842108,100,2025-01-05,2788115
933603890,150,2025-01-05,212044
674011552,150,2025-01-05,104276
9788145818,200,2025-01-05,2898
4149177351,200,2025-01-05,2073
6806656440,150,2025-01-05,2019
9295550743,150,2025-01-05,1972
5748230220,200,2025-01-05,1923
7662951966,200,2025-01-05,1504
5135575655,200,2025-01-05,1404
4482417741,100,2025-01-05,1313
3277077899,100,2025-01-05,1278
3015908726,150,2025-01-05,803
4009586823,200,2025-01-05,585
3701739752,200,2025-01-05,547
7785421625,200,2025-01-05,535
5824556254,100,2025-01-05,505
2528848871,150,2025-01-05,447
4144855957,150,2025-01-05,436
5957583013,150,2025-01-05,399
7916359535,150,2025-01-05,387
3688502200,150,2025-01-05,358
2829349076,200,2025-01-05,339
693839380,150,2025-01-05,338
7569875870,200,2025-01-05,338
6504688536,200,2025-01-05,311
6159497325,150,2025-01-05,307
9862772114,150,2025-01-05,299
7540298428,100,2025-01-05,292
1285522032,100,2025-01-05,270
1634128913,100,2025-01-05,265
3951595014,100,2025-01-05,254
4090211376,100,2025-01-05,250
9398763930,100,2025-01-05,250
8997011285,100,2025-01-05,247
3470773080,150,2025-01-05,242
1079433319,150,2025-01-05,209
6728595564,150,2025-01-05,197
3108397586,100,2025-01-05,191
1664893630,100,2025-01-05,190
502370592,100,2025-01-05,170
3013421889,100,2025-01-05,169
6919769682,150,2025-01-05,162
5484217333,100,2025-01-05,160
4778517293,100,2025-01-05,143
6773892144,200,2025-01-05,125
2927704795,100,2025-01-05,100
1485645045,150,2025-01-05,86
68255061,150,2025-01-05,0
118644021,100,2025-01-05,0
1303328548,150,2025-01-05,0
1346172791,150,2025-01-05,0
2480040331,100,2025-01-05,0
2737720400,150,2025-01-05,0
3021711559,150,2025-01-05,0
3126894276,150,2025-01-05,0
3510743930,100,2025-01-05,0
4854043957,100,2025-01-05,0
5500994937,200,2025-01-05,0
5904373314,200,2025-01-05,0
6726817485,100,2025-01-05,0
7241820930,150,2025-01-05,0
7995204659,150,2025-01-05,0
8480126276,200,2025-01-05,0
8948049892,200,2025-01-05,0
9077186748,200,2025-01-05,0
9926129116,200,2025-01-05,0
1433107052,200,2025-01-12,4385871
6860954999,200,2025-01-12,3655807
2482193255,200,2025-01-12,2994975
7163806556,200,2025-01-12,776905
3729375279,200,2025-01-12,2883
4667334163,200,2025-01-12,2851
1090961685,200,2025-01-12,2512
4647638024,200,2025-01-12,2269
342784974,100,2025-01-12,1333
3144372474,100,2025-01-12,1312
9497791310,100,2025-01-12,1294
2249821899,150,2025-01-12,1121
2762894853,100,2025-01-12,1076
985954320,100,2025-01-12,617
2965898729,200,2025-01-12,470
9667326226,150,2025-01-12,438
610958874,150,2025-01-12,420
8247930944,150,2025-01-12,420
6806749384,200,2025-01-12,401
9936031126,150,2025-01-12,396
1466919685,150,2025-01-12,379
8716001224,150,2025-01-12,369
7199937327,200,2025-01-12,366
7707085684,200,2025-01-12,365
9396338694,150,2025-01-12,354
476497732,200,2025-01-12,351
816269654,100,2025-01-12,291
5663994263,200,2025-01-12,276
1739632329,200,2025-01-12,268
301075602,200,2025-01-12,267
6107822832,150,2025-01-12,266
6030095151,150,2025-01-12,261
2977039219,150,2025-01-12,251
4846487568,150,2025-01-12,248
1819116335,100,2025-01-12,204
1257987860,100,2025-01-12,199
9057626422,100,2025-01-12,197
2154009604,100,2025-01-12,161
9891012423,100,2025-01-12,158
1187972450,150,2025-01-12,141
81742463,200,2025-01-12,107
1725471995,200,2025-01-12,103
261557983,150,2025-01-12,0
695515441,150,2025-01-12,0
1237506510,150,2025-01-12,0
1710276355,200,2025-01-12,0
2021569303,150,2025-01-12,0
2618249158,150,2025-01-12,0
3221473171,150,2025-01-12,0
4023007712,150,2025-01-12,0
4594281616,200,2025-01-12,0
4644251428,100,2025-01-12,0
5845274267,200,2025-01-12,0
6186050984,200,2025-01-12,0
6752472172,100,2025-01-12,0
6817491291,150,2025-01-12,0
7342140937,100,2025-01-12,0
8053992421,150,2025-01-12,0
8143246521,200,2025-01-12,0
8516777266,200,2025-01-12,0
8643936925,100,2025-01-12,0
8969278754,150,2025-01-12,0
9095615269,200,2025-01-12,0
9183990585,150,2025-01-12,0
3835935284,150,2025-01-19,4570134
8619607056,200,2025-01-19,3525267
9894452349,100,2025-01-19,2884841
1923169288,100,2025-01-19,1106318
2405224000,100,2025-01-19,984078
8034643575,100,2025-01-19,952009
1779356735,200,2025-01-19,2346
1542375283,150,2025-01-19,1588
6293387720,100,2025-01-19,1480
9014273565,100,2025-01-19,1479
2456696222,150,2025-01-19,1341
594309855,200,2025-01-19,1257
3447039949,150,2025-01-19,831
9234466656,200,2025-01-19,551
6559328609,200,2025-01-19,549
5591575398,150,2025-01-19,443
969213086,150,2025-01-19,431
8543717696,150,2025-01-19,425
2223171633,150,2025-01-19,413
8746614681,150,2025-01-19,398
9738173872,200,2025-01-19,375
9917584900,200,2025-01-19,368
4921664298,200,2025-01-19,358
6799024626,200,2025-01-19,356
840478979,150,2025-01-19,336
2485930459,150,2025-01-19,329
3526230866,150,2025-01-19,324
276672446,150,2025-01-19,304
8371928241,150,2025-01-19,297
5657400160,100,2025-01-19,291
1769052845,100,2025-01-19,288
3802757561,100,2025-01-19,275
2066826347,200,2025-01-19,273
7799318891,100,2025-01-19,269
8858854888,150,2025-01-19,269
7640251547,100,2025-01-19,256
9253428403,100,2025-01-19,241
1574557903,100,2025-01-19,218
4021337994,100,2025-01-19,204
34184317,200,2025-01-19,180
5567028781,150,2025-01-19,164
5028275994,100,2025-01-19,141
1376988781,150,2025-01-19,103
5636786347,150,2025-01-19,99
8040801643,150,2025-01-19,97
2886654041,100,2025-01-19,77
4220177922,100,2025-01-19,64
6812577203,150,2025-01-19,55
302026895,100,2025-01-19,0
304214672,200,2025-01-19,0
591248314,150,2025-01-19,0
658220119,200,2025-01-19,0
1858035817,100,2025-01-19,0
2788055747,100,2025-01-19,0
3149122799,150,2025-01-19,0
3332004119,200,2025-01-19,0
3620302023,150,2025-01-19,0
3988950629,200,2025-01-19,0
4002024962,200,2025-01-19,0
4454048674,100,2025-01-19,0
4819109685,100,2025-01-19,0
5041352766,200,2025-01-19,0
5067254130,200,2025-01-19,0
6173230121,150,2025-01-19,0
6945529887,200,2025-01-19,0
7303583104,100,2025-01-19,0
7835939511,200,2025-01-19,0
8119888804,100,2025-01-19,0
8224869102,100,2025-01-19,0
9162923882,200,2025-01-19,0
9746656169,200,2025-01-19,0
8794895946,150,2025-01-26,3612356
8573424745,200,2025-01-26,849303
3624089907,200,2025-01-26,2830
987410575,200,2025-01-26,2498
9210995608,100,2025-01-26,1485
6501202443,150,2025-01-26,1379
9177544929,200,2025-01-26,1285
5439441494,100,2025-01-26,653
7927034876,200,2025-01-26,552
9530208667,200,2025-01-26,509
8529412797,200,2025-01-26,458
2433686681,200,2025-01-26,456
7239586123,200,2025-01-26,447
6541851765,200,2025-01-26,434
6287787112,200,2025-01-26,426
6108836985,200,2025-01-26,392
939978843,150,2025-01-26,391
4282958980,200,2025-01-26,376
1839366710,150,2025-01-26,341
1505998326,200,2025-01-26,336
3295534547,150,2025-01-26,301
1857878433,150,2025-01-26,297
8794288379,100,2025-01-26,289
1097219435,150,2025-01-26,284
1642104806,200,2025-01-26,284
8816651150,200,2025-01-26,280
9139200817,100,2025-01-26,275
2044633659,100,2025-01-26,260
3952230562,100,2025-01-26,245
8177746997,150,2025-01-26,241
5707405963,100,2025-01-26,234
7405845562,150,2025-01-26,214
5541335313,100,2025-01-26,200
7338668291,100,2025-01-26,198
3571152997,100,2025-01-26,183
9074079002,100,2025-01-26,183
8705852608,100,2025-01-26,179
5876315051,100,2025-01-26,167
2846072292,100,2025-01-26,131
6733866800,100,2025-01-26,130
122223789,150,2025-01-26,0
320516187,200,2025-01-26,0
638019961,100,2025-01-26,0
1192989506,100,2025-01-26,0
1253181745,150,2025-01-26,0
2090943945,100,2025-01-26,0
2252862276,100,2025-01-26,0
2618882077,200,2025-01-26,0
2660713580,200,2025-01-26,0
4202661964,100,2025-01-26,0
4854966103,150,2025-01-26,0
5230542122,100,2025-01-26,0
7933145801,150,2025-01-26,0
8050053874,150,2025-01-26,0
8079167166,150,2025-01-26,0
9261805383,100,2025-01-26,0
9499689361,100,2025-01-26,0
9825752887,100,2025-01-26,0
4262594988,150,2025-03-02,2014
4832617761,200,2025-03-02,1949
848260643,200,2025-03-02,1676
6185896590,200,2025-03-02,1520
2899566631,200,2025-03-02,1503
5527074299,150,2025-03-02,1420
1410215578,200,2025-03-02,1388
6152595470,100,2025-03-02,1009
8242522389,200,2025-03-02,539
3050895626,200,2025-03-02,526
2042796749,200,2025-03-02,487
8067530761,200,2025-03-02,473
3186599343,150,2025-03-02,449
6386494238,200,2025-03-02,409
6661648434,200,2025-03-02,390
7788130425,200,2025-03-02,384
404994503,200,2025-03-02,349
1375795435,150,2025-03-02,344
9643975437,100,2025-03-02,287
1529732467,100,2025-03-02,274
5206333536,100,2025-03-02,274
5576116325,150,2025-03-02,259
2597875263,150,2025-03-02,245
1993211260,100,2025-03-02,214
5421789709,150,2025-03-02,212
1293474546,100,2025-03-02,195
7242942175,100,2025-03-02,174
1210446096,200,2025-03-02,170
8894818839,100,2025-03-02,158
9349788678,100,2025-03-02,153
1554470637,100,2025-03-02,142
916235564,100,2025-03-02,138
5760002831,150,2025-03-02,125
732314928,100,2025-03-02,68
5243142689,200,2025-03-02,54
388259671,150,2025-03-02,0
1137323588,150,2025-03-02,0
2316030416,150,2025-03-02,0
3513274268,150,2025-03-02,0
3521800180,200,2025-03-02,0
3595677282,150,2025-03-02,0
3634568769,200,2025-03-02,0
3639190152,100,2025-03-02,0
3648567638,200,2025-03-02,0
3702877048,200,2025-03-02,0
4023389766,200,2025-03-02,0
5293495844,200,2025-03-02,0
5550010280,200,2025-03-02,0
7361352386,150,2025-03-02,0
7891259933,100,2025-03-02,0
8405316230,200,2025-03-02,0
8483497325,150,2025-03-02,0
8775544739,200,2025-03-02,0
9086474254,100,2025-03-02,0
9119637189,100,2025-03-02,0
9692290922,200,2025-03-02,0
3602424523,150,2025-03-09,2087395
7536159542,200,2025-03-09,1382002
3959978099,100,2025-03-09,1314859
7817514068,150,2025-03-09,1279299
1611973150,100,2025-03-09,421766
3650376273,200,2025-03-09,134350
4970324618,200,2025-03-09,2585
2067372296,150,2025-03-09,2058
6044598174,200,2025-03-09,2024
5659396953,150,2025-03-09,1519
9626554696,150,2025-03-09,1273
4318056888,150,2025-03-09,1260
4709642885,200,2025-03-09,1201
3766040642,100,2025-03-09,1073
7699098596,100,2025-03-09,1040
8778175924,100,2025-03-09,885
9551894958,200,2025-03-09,532
3823078042,200,2025-03-09,459
2747746525,150,2025-03-09,404
8805903161,150,2025-03-09,396
4966130113,150,2025-03-09,391
8641132287,200,2025-03-09,363
8652932175,200,2025-03-09,334
1145848643,100,2025-03-09,296
3793155401,200,2025-03-09,263
595817539,100,2025-03-09,259
1113600897,100,2025-03-09,258
8812252990,150,2025-03-09,258
304579084,100,2025-03-09,257
1260648503,100,2025-03-09,237
5208785715,150,2025-03-09,224
2967355893,150,2025-03-09,216
8167733235,150,2025-03-09,210
7503916171,100,2025-03-09,203
1950583703,100,2025-03-09,151
5707232169,100,2025-03-09,146
9813684998,150,2025-03-09,106
919679843,150,2025-03-09,0
1066715029,100,2025-03-09,0
1083699687,150,2025-03-09,0
1282262102,150,2025-03-09,0
1310002146,200,2025-03-09,0
2135101028,150,2025-03-09,0
3764936108,200,2025-03-09,0
4479245818,100,2025-03-09,0
4709721621,150,2025-03-09,0
5157513700,200,2025-03-09,0
6265159698,150,2025-03-09,0
6272485809,150,2025-03-09,0
7344597360,200,2025-03-09,0
8816780295,150,2025-03-09,0
9165943321,100,2025-03-09,0
9637370540,200,2025-03-16,4458455
6440680591,200,2025-03-16,3507281
9534881539,200,2025-03-16,2696
5280268718,150,2025-03-16,1990
3778676053,150,2025-03-16,1713
705152769,200,2025-03-16,1668
2096171992,200,2025-03-16,1554
9606796131,200,2025-03-16,1431
2696630056,150,2025-03-16,1322
9303656116,100,2025-03-16,1308
119700273,100,2025-03-16,1024
2337758484,200,2025-03-16,1003
2843976507,100,2025-03-16,870
6970747667,100,2025-03-16,585
5000694781,200,2025-03-16,567
5120818541,200,2025-03-16,457
104814928,200,2025-03-16,438
8804568270,150,2025-03-16,423
4825351845,150,2025-03-16,404
7932633546,150,2025-03-16,384
9659344534,150,2025-03-16,367
826990224,150,2025-03-16,353
3805573692,200,2025-03-16,322
5062022689,150,2025-03-16,313
9175348909,150,2025-03-16,313
6542109533,200,2025-03-16,302
4108625988,200,2025-03-16,300
3764130362,100,2025-03-16,283
4871726558,100,2025-03-16,282
1052641683,100,2025-03-16,276
9020536332,150,2025-03-16,264
3117634852,100,2025-03-16,262
8174505610,100,2025-03-16,259
188445189,100,2025-03-16,241
318495894,100,2025-03-16,208
6940370631,150,2025-03-16,205
9729388471,200,2025-03-16,144
623289933,100,2025-03-16,130
96190347,200,2025-03-16,0
635215091,150,2025-03-16,0
1228271858,100,2025-03-16,0
2788386612,150,2025-03-16,0
3841141888,200,2025-03-16,0
4057609679,100,2025-03-16,0
4133595853,150,2025-03-16,0
5190448879,150,2025-03-16,0
5545956655,150,2025-03-16,0
6058980555,200,2025-03-16,0
6091466049,100,2025-03-16,0
6812374701,200,2025-03-16,0
7309860224,150,2025-03-16,0
7991084810,150,2025-03-16,0
8422808221,100,2025-03-16,0
9031257320,100,2025-03-16,0
9327351096,150,2025-03-16,0
9912186150,100,2025-03-16,0
7747876296,200,2025-03-23,4618694
4484580260,200,2025-03-23,517317
1926882115,200,2025-03-23,1241
528245569,100,2025-03-23,625
4063274957,100,2025-03-23,613
7713306487,200,2025-03-23,591
3030762099,200,2025-03-23,542
645648402,200,2025-03-23,534
6898407622,200,2025-03-23,516
4406389283,200,2025-03-23,514
9494657808,200,2025-03-23,513
8859982544,100,2025-03-23,502
906557857,200,2025-03-23,488
1740982730,200,2025-03-23,449
8385126489,150,2025-03-23,444
8666174864,200,2025-03-23,430
4045819937,150,2025-03-23,369
4046505260,150,2025-03-23,360
8186734983,150,2025-03-23,357
9737601586,200,2025-03-23,343
9401744978,200,2025-03-23,339
8717142379,150,2025-03-23,325
3113713567,150,2025-03-23,321
3604206810,150,2025-03-23,296
669238735,150,2025-03-23,291
4494944017,100,2025-03-23,265
7355839766,100,2025-03-23,250
3830362557,100,2025-03-23,237
4203954511,150,2025-03-23,225
5849165168,100,2025-03-23,180
8779911038,100,2025-03-23,168
9570791109,150,2025-03-23,154
2668561696,100,2025-03-23,143
1343014811,100,2025-03-23,134
8013902659,100,2025-03-23,130
7344222138,150,2025-03-23,115
2351650512,150,2025-03-23,112
513586214,150,2025-03-23,0
671503320,100,2025-03-23,0
1097669046,100,2025-03-23,0
2029897991,200,2025-03-23,0
2139137082,200,2025-03-23,0
2492634035,200,2025-03-23,0
2894241742,200,2025-03-23,0
2899408222,200,2025-03-23,0
3125541900,200,2025-03-23,0
4017798411,200,2025-03-23,0
4202619766,200,2025-03-23,0
4428569004,100,2025-03-23,0
5131409573,100,2025-03-23,0
5233135498,200,2025-03-23,0
5323584638,150,2025-03-23,0
5843983933,100,2025-03-23,0
5952450590,150,2025-03-23,0
8006540666,100,2025-03-23,0
8990150224,200,2025-03-23,0
9654664386,150,2025-03-23,0
2618344789,200,2025-03-30,3236866
4181865497,200,2025-03-30,1459364
9104592584,100,2025-03-30,1099394
6536940109,150,2025-03-30,744347
9265617132,100,2025-03-30,739956
16698192,100,2025-03-30,343072
8278364261,150,2025-03-30,2140
922339312,200,2025-03-30,1952
3986843822,150,2025-03-30,1482
1601597244,100,2025-03-30,1439
8804691631,200,2025-03-30,1246
179075130,100,2025-03-30,1043
7912994650,100,2025-03-30,919
6231077892,100,2025-03-30,632
4462962405,200,2025-03-30,539
4495907148,200,2025-03-30,511
4959759447,200,2025-03-30,473
398146423,150,2025-03-30,418
4597334729,200,2025-03-30,399
523730079,200,2025-03-30,391
4488285183,200,2025-03-30,376
3029052803,150,2025-03-30,360
1593672274,150,2025-03-30,334
7224199397,150,2025-03-30,311
8064167550,150,2025-03-30,294
2156706814,150,2025-03-30,291
9034608412,200,2025-03-30,271
7858585443,150,2025-03-30,259
3403341842,100,2025-03-30,255
4080330858,100,2025-03-30,249
3258701374,100,2025-03-30,231
7160955899,150,2025-03-30,200
1315453871,100,2025-03-30,199
8276191295,200,2025-03-30,163
9727992977,200,2025-03-30,154
9819999568,150,2025-03-30,79
203133802,100,2025-03-30,0
347518734,200,2025-03-30,0
841793767,150,2025-03-30,0
880112974,200,2025-03-30,0
1132484141,200,2025-03-30,0
1535841873,100,2025-03-30,0
2203331011,150,2025-03-30,0
3315828456,150,2025-03-30,0
3434261651,150,2025-03-30,0
4377375396,200,2025-03-30,0
4574415605,150,2025-03-30,0
5390387387,100,2025-03-30,0
5611906170,200,2025-03-30,0
5649376621,100,2025-03-30,0
6060241502,100,2025-03-30,0
7731044014,150,2025-03-30,0
8112312862,150,2025-03-30,0
9024967961,150,2025-03-30,0
9139147421,150,2025-03-30,0
9253829549,100,2025-03-30,0
9724329534,150,2025-03-30,0
588944314,100,2025-04-06,4921155
4611674426,100,2025-04-06,2370653
7949236373,150,2025-04-06,1087558
8522677654,150,2025-04-06,818710
2596018944,100,2025-04-06,749293
668882671,200,2025-04-06,730413
8884775164,200,2025-04-06,2442
5988497110,200,2025-04-06,1722
6045658251,150,2025-04-06,1674
6502787981,150,2025-04-06,1673
483698512,150,2025-04-06,1460
9643069783,150,2025-04-06,1399
1366477764,150,2025-04-06,1258
2690797449,100,2025-04-06,1083
8763570647,150,2025-04-06,1007
1570569380,100,2025-04-06,987
1213847877,100,2025-04-06,859
4411649367,100,2025-04-06,687
2975189161,200,2025-04-06,549
9819918864,200,2025-04-06,535
4375280516,100,2025-04-06,529
4134741318,200,2025-04-06,476
8466768186,200,2025-04-06,428
4507272683,150,2025-04-06,419
672842333,200,2025-04-06,418
8653416420,150,2025-04-06,358
9192181110,150,2025-04-06,348
3797166651,200,2025-04-06,321
4206709571,150,2025-04-06,316
7124334122,150,2025-04-06,309
3119690764,100,2025-04-06,273
4223375532,150,2025-04-06,273
7249627471,100,2025-04-06,237
6986117610,100,2025-04-06,228
654894084,100,2025-04-06,215
3223092145,100,2025-04-06,207
9495238065,100,2025-04-06,199
1819952988,150,2025-04-06,197
3439480839,100,2025-04-06,168
264022575,100,2025-04-06,159
1099567256,100,2025-04-06,157
3195494241,100,2025-04-06,154
9108904597,100,2025-04-06,119
5939776961,100,2025-04-06,103
4568982978,200,2025-04-06,86
9526669997,200,2025-04-06,72
1824725668,100,2025-04-06,70
719746953,150,2025-04-06,0
2174635616,200,2025-04-06,0
2423587971,150,2025-04-06,0
2703096989,150,2025-04-06,0
2969443247,200,2025-04-06,0
3519115718,150,2025-04-06,0
3817122849,200,2025-04-06,0
6645076185,150,2025-04-06,0
6717435226,200,2025-04-06,0
8141520494,200,2025-04-06,0
8897911005,200,2025-04-06,0
6253911713,200,2025-04-13,860242
6168725045,200,2025-04-13,2744
4896706627,200,2025-04-13,2363
2183688434,200,2025-04-13,2316
7538619578,150,2025-04-13,1830
3796221913,100,2025-04-13,1247
6848048341,100,2025-04-13,1109
5774451160,100,2025-04-13,1065
9723644983,150,2025-04-13,1034
6999852129,100,2025-04-13,985
306123817,100,2025-04-13,824
3625466947,200,2025-04-13,591
4699400812,200,2025-04-13,557
5228287379,200,2025-04-13,449
8938358979,150,2025-04-13,428
5317475878,200,2025-04-13,427
6880880129,150,2025-04-13,381
9748302383,200,2025-04-13,364
3111456275,150,2025-04-13,353
443677953,150,2025-04-13,349
6718575212,200,2025-04-13,337
2176562306,150,2025-04-13,333
4793051866,200,2025-04-13,308
8111480702,100,2025-04-13,274
5204231841,200,2025-04-13,264
1576362756,100,2025-04-13,261
5659366463,100,2025-04-13,225
3771670872,150,2025-04-13,223
2945949269,100,2025-04-13,204
8394781389,150,2025-04-13,195
7749595609,200,2025-04-13,168
940757880,150,2025-04-13,122
2058526058,150,2025-04-13,108
400046083,100,2025-04-13,0
1672175399,200,2025-04-13,0
1763752218,200,2025-04-13,0
2033503603,200,2025-04-13,0
2091427420,200,2025-04-13,0
2626175324,100,2025-04-13,0
3342081407,100,2025-04-13,0
3476623676,100,2025-04-13,0
3923976407,150,2025-04-13,0
4297381473,100,2025-04-13,0
4778878574,100,2025-04-13,0
5159917407,200,2025-04-13,0
6140136629,150,2025-04-13,0
7164602707,150,2025-04-13,0
7508093983,200,2025-04-13,0
7524713238,150,2025-04-13,0
7646463003,100,2025-04-13,0
8217067596,150,2025-04-13,0
7792604808,100,2025-04-20,806858
806644132,150,2025-04-20,632205
248735275,150,2025-04-20,135730
6208728263,200,2025-04-20,2956
540581468,200,2025-04-20,2402
3085624061,150,2025-04-20,2160
5368409099,150,2025-04-20,2061
4870525425,200,2025-04-20,1898
3412391437,200,2025-04-20,1766
8978956650,200,2025-04-20,1713
3948360625,150,2025-04-20,1586
9083501933,150,2025-04-20,1442
8837511047,150,2025-04-20,1363
7076246684,100,2025-04-20,1044
9925584528,200,2025-04-20,594
3716401555,200,2025-04-20,560
9904342072,200,2025-04-20,554
9686298648,100,2025-04-20,513
5905950831,200,2025-04-20,491
3432466403,200,2025-04-20,475
7030923727,150,2025-04-20,442
5725252355,200,2025-04-20,435
5074375418,200,2025-04-20,424
8494118697,150,2025-04-20,412
9933871636,150,2025-04-20,393
2477854111,200,2025-04-20,363
2638204546,150,2025-04-20,345
2831585140,200,2025-04-20,316
9419290285,200,2025-04-20,291
9756728951,150,2025-04-20,290
3585036431,200,2025-04-20,289
8586497702,150,2025-04-20,283
4635973244,200,2025-04-20,281
5572410763,100,2025-04-20,254
7731428192,100,2025-04-20,232
6583495037,100,2025-04-20,218
4752499874,100,2025-04-20,208
3866343228,150,2025-04-20,203
9937219720,100,2025-04-20,203
1184276783,100,2025-04-20,187
2227316182,150,2025-04-20,161
1868280446,100,2025-04-20,144
3967319616,200,2025-04-20,144
2048800740,100,2025-04-20,132
489192848,100,2025-04-20,0
1137807259,100,2025-04-20,0
1430093553,100,2025-04-20,0
2160614293,150,2025-04-20,0
3080498429,200,2025-04-20,0
3739861407,150,2025-04-20,0
4266335662,150,2025-04-20,0
5967690223,150,2025-04-20,0
5985331307,150,2025-04-20,0
6144364177,100,2025-04-20,0
6663556949,200,2025-04-20,0
6755872605,150,2025-04-20,0
7470377489,200,2025-04-20,0
8472962288,150,2025-04-20,0
8860255067,200,2025-04-20,0
9080272616,200,2025-04-20,0
9173019689,200,2025-04-20,0
9797839542,200,2025-04-20,0
684686184,150,2025-04-27,2321881
9115016688,150,2025-04-27,2196459
4259993494,200,2025-04-27,364136
6743680818,150,2025-04-27,2216
4883923985,200,2025-04-27,2119
5572071123,150,2025-04-27,2101
3106573952,150,2025-04-27,2012
762613701,150,2025-04-27,1992
740727369,150,2025-04-27,1532
3888383135,100,2025-04-27,872
3406950131,100,2025-04-27,723
8759015613,100,2025-04-27,574
7216538972,200,2025-04-27,524
9445358578,200,2025-04-27,519
177199124,200,2025-04-27,511
5516204598,150,2025-04-27,439
8200929120,150,2025-04-27,422
1043168440,200,2025-04-27,419
6683215346,200,2025-04-27,409
1718353738,200,2025-04-27,396
1733721678,150,2025-04-27,395
3738196969,200,2025-04-27,355
4608181115,200,2025-04-27,343
4575334599,150,2025-04-27,334
915944033,200,2025-04-27,332
105066511,150,2025-04-27,323
1182796135,100,2025-04-27,291
2091942597,100,2025-04-27,291
913979027,100,2025-04-27,286
1417763603,100,2025-04-27,284
8510234815,150,2025-04-27,277
4725595241,100,2025-04-27,271
1918258541,150,2025-04-27,268
7876641159,100,2025-04-27,240
7548512509,100,2025-04-27,227
2363709451,100,2025-04-27,197
3389364806,100,2025-04-27,138
95567800,100,2025-04-27,0
206601580,200,2025-04-27,0
289356714,100,2025-04-27,0
1040840991,100,2025-04-27,0
1940703173,150,2025-04-27,0
2066544136,150,2025-04-27,0
2148782964,150,2025-04-27,0
3680673583,150,2025-04-27,0
3802591620,200,2025-04-27,0
4071855852,200,2025-04-27,0
4196059106,150,2025-04-27,0
4437778286,200,2025-04-27,0
4531955578,100,2025-04-27,0
6103435661,150,2025-04-27,0
6161516924,150,2025-04-27,0
6315705184,200,2025-04-27,0
6811875314,100,2025-04-27,0
7081191031,150,2025-04-27,0
7444929482,150,2025-04-27,0
8000363163,150,2025-04-27,0
8086589303,100,2025-04-27,0
8312649377,100,2025-04-27,0
9770315731,150,2025-04-27,0
4534898677,150,2025-05-04,4539950
2718138502,150,2025-05-04,4429158
7760494585,200,2025-05-04,3352389
2569769643,200,2025-05-04,2936938
5740890135,100,2025-05-04,129084
5451931743,200,2025-05-04,2424
6361406191,200,2025-05-04,2376
1020170012,200,2025-05-04,2267
4902345907,200,2025-05-04,1658
5814807656,150,2025-05-04,1516
8527465042,200,2025-05-04,1023
8286678630,100,2025-05-04,861
6717432250,100,2025-05-04,767
5705147243,200,2025-05-04,596
3182779017,200,2025-05-04,504
2260711683,200,2025-05-04,503
6325535506,200,2025-05-04,470
5615690592,150,2025-05-04,444
4701892002,150,2025-05-04,425
4566388177,150,2025-05-04,385
618837613,200,2025-05-04,349
4438320838,200,2025-05-04,330
5389213240,150,2025-05-04,316
9080994824,150,2025-05-04,309
7866473589,200,2025-05-04,299
3323698415,100,2025-05-04,294
2522941707,150,2025-05-04,280
8253289706,200,2025-05-04,265
9451570879,100,2025-05-04,265
4026030101,100,2025-05-04,249
644659581,150,2025-05-04,241
1160844444,150,2025-05-04,240
2541527847,100,2025-05-04,239
6931850875,100,2025-05-04,231
9019950979,100,2025-05-04,229
153604222,150,2025-05-04,221
506884791,150,2025-05-04,199
6684937349,200,2025-05-04,143
1917853650,100,2025-05-04,139
2115666304,100,2025-05-04,131
7491546398,100,2025-05-04,117
1840030482,100,2025-05-04,110
544646451,200,2025-05-04,0
1128174086,150,2025-05-04,0
1160037288,200,2025-05-04,0
1380746393,200,2025-05-04,0
1553458030,150,2025-05-04,0
1842143639,200,2025-05-04,0
2094870818,100,2025-05-04,0
2295936822,150,2025-05-04,0
2465263518,100,2025-05-04,0
2728581731,200,2025-05-04,0
3212371688,200,2025-05-04,0
3361697507,100,2025-05-04,0
3554821883,200,2025-05-04,0
3565074359,200,2025-05-04,0
4976552724,100,2025-05-04,0
5854974114,200,2025-05-04,0
5948178650,100,2025-05-04,0
6559530444,100,2025-05-04,0
7534070085,100,2025-05-04,0
8440119872,150,2025-05-04,0
9147875567,100,2025-05-04,0
2768917769,150,2025-05-11,596675
9827759617,200,2025-05-11,2112
5098528993,200,2025-05-11,1892
6412048669,150,2025-05-11,1597
5576790865,100,2025-05-11,1492
3810627612,150,2025-05-11,1216
1248309217,100,2025-05-11,828
3448262721,200,2025-05-11,568
2824850760,200,2025-05-11,565
5366723966,200,2025-05-11,565
8472107193,200,2025-05-11,489
7019471219,150,2025-05-11,431
8877349586,150,2025-05-11,416
5538874613,200,2025-05-11,339
5995946316,200,2025-05-11,297
4930831862,100,2025-05-11,288
8135130460,100,2025-05-11,288
2821533174,100,2025-05-11,287
464485277,100,2025-05-11,274
3350222686,150,2025-05-11,274
4934376460,100,2025-05-11,260
9612742378,100,2025-05-11,248
7235071566,100,2025-05-11,242
433419284,100,2025-05-11,233
1588994239,100,2025-05-11,226
5440519558,100,2025-05-11,208
2565433058,200,2025-05-11,162
2253613576,100,2025-05-11,156
9648423503,100,2025-05-11,148
2608455509,100,2025-05-11,137
8750136453,100,2025-05-11,55
4362458623,200,2025-05-11,50
656639023,200,2025-05-11,0
1127604791,100,2025-05-11,0
1405384257,200,2025-05-11,0
1422417419,100,2025-05-11,0
1970164539,150,2025-05-11,0
2020644919,200,2025-05-11,0
2438845901,150,2025-05-11,0
2884137216,200,2025-05-11,0
3346568803,100,2025-05-11,0
3593260254,150,2025-05-11,0
3812285698,200,2025-05-11,0
4093668152,150,2025-05-11,0
6486371019,100,2025-05-11,0
7138309469,150,2025-05-11,0
8816989615,200,2025-05-11,0
4942883169,150,2025-05-18,4695296
5707670495,200,2025-05-18,2990
3952935121,200,2025-05-18,2235
5404985222,200,2025-05-18,1972
1700151223,200,2025-05-18,1864
3493280618,150,2025-05-18,1745
1104290783,200,2025-05-18,1702
7317640777,150,2025-05-18,1605
6202338387,200,2025-05-18,1402
3331718451,150,2025-05-18,1333
6464873252,100,2025-05-18,1299
8243204671,200,2025-05-18,577
4042455845,200,2025-05-18,510
6669023222,200,2025-05-18,478
3694913180,200,2025-05-18,468
4823087677,150,2025-05-18,392
4855531337,200,2025-05-18,389
9609552569,150,2025-05-18,361
6368399780,200,2025-05-18,352
9306064682,200,2025-05-18,341
1455593596,150,2025-05-18,336
8936177712,150,2025-05-18,328
5188499253,200,2025-05-18,312
8985627552,200,2025-05-18,303
6617644005,150,2025-05-18,296
4427220406,100,2025-05-18,294
1294814087,150,2025-05-18,292
7325232918,150,2025-05-18,282
269193805,100,2025-05-18,279
4693952618,200,2025-05-18,279
1647258185,100,2025-05-18,273
508491078,100,2025-05-18,252
7281455179,100,2025-05-18,245
838008221,100,2025-05-18,242
6868102863,150,2025-05-18,212
8151116270,150,2025-05-18,205
5875264654,100,2025-05-18,191
8864001589,100,2025-05-18,185
7518075183,100,2025-05-18,139
9850838398,100,2025-05-18,122
9211397718,150,2025-05-18,61
1170844574,150,2025-05-18,0
1345950021,150,2025-05-18,0
1986212131,200,2025-05-18,0
2545888607,100,2025-05-18,0
2627728744,200,2025-05-18,0
2791796709,200,2025-05-18,0
3222122834,200,2025-05-18,0
3812897471,150,2025-05-18,0
4478982435,150,2025-05-18,0
4504669965,200,2025-05-18,0
4636576588,100,2025-05-18,0
5332723483,150,2025-05-18,0
5584135544,100,2025-05-18,0
6078727698,150,2025-05-18,0
7382891603,150,2025-05-18,0
7477981452,150,2025-05-18,0
7495880068,150,2025-05-18,0
7529796863,100,2025-05-18,0
8998266675,200,2025-05-18,0
9258915282,100,2025-05-18,0
9583699787,100,2025-05-18,0
9739157621,150,2025-05-18,0
7836758917,200,2025-05-25,1190256
546956081,200,2025-05-25,2686
2065269845,200,2025-05-25,2671
3198987814,200,2025-05-25,1837
7074816516,200,2025-05-25,1562
1301721028,150,2025-05-25,1522
5296798043,200,2025-05-25,1328
2947448600,150,2025-05-25,1272
9671370584,150,2025-05-25,1240
7711527544,150,2025-05-25,1109
4220904032,100,2025-05-25,913
5145871498,100,2025-05-25,745
2230941214,100,2025-05-25,728
4817409301,200,2025-05-25,587
8222409116,200,2025-05-25,568
2207269960,200,2025-05-25,566
524521404,200,2025-05-25,563
4533403574,200,2025-05-25,559
2456434994,200,2025-05-25,558
4386120644,200,2025-05-25,508
3347888918,200,2025-05-25,448
4875630161,150,2025-05-25,408
2981467603,150,2025-05-25,404
979423057,150,2025-05-25,388
1341877896,150,2025-05-25,373
3510923338,150,2025-05-25,367
3180046271,150,2025-05-25,361
2648621530,150,2025-05-25,313
5512094262,100,2025-05-25,294
4968664094,100,2025-05-25,293
5799811528,100,2025-05-25,236
9141136660,100,2025-05-25,221
9090068387,150,2025-05-25,212
3698044073,100,2025-05-25,182
2172399028,100,2025-05-25,176
3479300374,100,2025-05-25,161
1302106624,100,2025-05-25,157
4408006125,100,2025-05-25,156
4122013843,100,2025-05-25,146
4904070960,100,2025-05-25,137
7892609117,100,2025-05-25,84
4031223004,200,2025-05-25,56
8358121822,150,2025-05-25,55
593742171,200,2025-05-25,0
841576234,150,2025-05-25,0
2698623841,200,2025-05-25,0
3363525808,150,2025-05-25,0
3417987164,100,2025-05-25,0
3814595018,100,2025-05-25,0
4113954402,200,2025-05-25,0
4401630057,200,2025-05-25,0
4958389386,100,2025-05-25,0
6801666450,200,2025-05-25,0
8152000509,150,2025-05-25,0
8348773648,150,2025-05-25,0
9199990683,100,2025-05-25,0
9652894904,200,2025-05-25,0
